# 01:time 02:total_time 03:iteration 04:total_iteration 05:X 06:Y 007:U_RMS(1) 008:U_RMS(2) 009:U_RMS(mag)
 0.0000000000000000E+000 0.0000000000000000E+000       0      0   1.9999999999999998E-002 0.0000000000000000E+000  0.0000000000000000E+000 0.0000000000000000E+000 0.0000000000000000E+000
  1.7938510864529466E-002  1.7938510864529466E-002      10     10   1.9999999999999998E-002 0.0000000000000000E+000   6.3162400773050242E-004  2.1713533843046892E-005  6.3199712395982867E-004
  4.6540436169914354E-002  4.6540436169914354E-002      20     20   1.9999999999999998E-002 0.0000000000000000E+000   1.7048729791363463E-003  2.7477553424813989E-005  1.7050943935546367E-003
  7.5376347378310910E-002  7.5376347378310910E-002      30     30   1.9999999999999998E-002 0.0000000000000000E+000   3.3375934818683137E-003  4.8786833804722764E-005  3.3379500303872950E-003
  1.0258117864846492E-001  1.0258117864846492E-001      40     40   1.9999999999999998E-002 0.0000000000000000E+000   5.6696848632108896E-003  8.7803907284037396E-005  5.6703647126315459E-003
  1.2960307767380041E-001  1.2960307767380041E-001      50     50   1.9999999999999998E-002 0.0000000000000000E+000   9.3852052315512253E-003  1.6387311875766039E-004  9.3866357997627574E-003
  1.5749992707448690E-001  1.5749992707448690E-001      60     60   1.9999999999999998E-002 0.0000000000000000E+000   1.5356178807618265E-002  2.7540547496945566E-004  1.5358648239581096E-002
  1.8634864772322830E-001  1.8634864772322830E-001      70     70   1.9999999999999998E-002 0.0000000000000000E+000   2.3314818221921784E-002  3.8027045603613697E-004  2.3317919168334682E-002
  2.1599439733745131E-001  2.1599439733745131E-001      80     80   1.9999999999999998E-002 0.0000000000000000E+000   3.2299702815864428E-002  4.5999962749039973E-004  3.2302978216419173E-002
  2.4582443465822607E-001  2.4582443465822607E-001      90     90   1.9999999999999998E-002 0.0000000000000000E+000   4.1333567757124338E-002  5.0810970909576687E-004  4.1336690711875645E-002
  2.7583405656174031E-001  2.7583405656174031E-001     100    100   1.9999999999999998E-002 0.0000000000000000E+000   4.9803283812382481E-002  5.2571992125105104E-004  4.9806058466137619E-002
  3.0603291407226986E-001  3.0603291407226986E-001     110    110   1.9999999999999998E-002 0.0000000000000000E+000   5.7274613617955161E-002  5.2130451382955627E-004  5.7276985984618580E-002
  3.3642268819009069E-001  3.3642268819009069E-001     120    120   1.9999999999999998E-002 0.0000000000000000E+000   6.3532465354794362E-002  5.0603519263779901E-004  6.3534480604427185E-002
  3.6699825285376026E-001  3.6699825285376026E-001     130    130   1.9999999999999998E-002 0.0000000000000000E+000   6.8556000511618186E-002  4.8841792540976438E-004  6.8557740323167406E-002
  3.9769102381425200E-001  3.9769102381425200E-001     140    140   1.9999999999999998E-002 0.0000000000000000E+000   7.2436855644317823E-002  4.7337733690612449E-004  7.2438402396372838E-002
  4.2847023746856489E-001  4.2847023746856489E-001     150    150   1.9999999999999998E-002 0.0000000000000000E+000   7.5327675017096726E-002  4.6315072060153452E-004  7.5329098840164894E-002
  4.5933511780304590E-001  4.5933511780304590E-001     160    160   1.9999999999999998E-002 0.0000000000000000E+000   7.7391635976124355E-002  4.5840352708322704E-004  7.7392993564369811E-002
  4.9028368698366602E-001  4.9028368698366602E-001     170    170   1.9999999999999998E-002 0.0000000000000000E+000   7.8777662992528076E-002  4.5917344656279031E-004  7.8779001179364760E-002
  5.2131300323688076E-001  5.2131300323688076E-001     180    180   1.9999999999999998E-002 0.0000000000000000E+000   7.9614267030390024E-002  4.6510856664956907E-004  7.9615625606818039E-002
  5.5241931963130195E-001  5.5241931963130195E-001     190    190   1.9999999999999998E-002 0.0000000000000000E+000   8.0009317623836349E-002  4.7496241032072177E-004  8.0010727380290358E-002
  5.8359815749409058E-001  5.8359815749409058E-001     200    200   1.9999999999999998E-002 0.0000000000000000E+000   8.0052168912125321E-002  4.8658877459033060E-004  8.0053647738070008E-002
  6.1484422678117809E-001  6.1484422678117809E-001     210    210   1.9999999999999998E-002 0.0000000000000000E+000   7.9816431658406337E-002  4.9795185898330247E-004  7.9817984932813947E-002
  6.4615092377297624E-001  6.4615092377297624E-001     220    220   1.9999999999999998E-002 0.0000000000000000E+000   7.9362653309212731E-002  5.0810907951494916E-004  7.9364279843736884E-002
  6.7750979095475818E-001  6.7750979095475818E-001     230    230   1.9999999999999998E-002 0.0000000000000000E+000   7.8740641159316133E-002  5.1774400179818025E-004  7.8742343304168862E-002
  7.0891161338693544E-001  7.0891161338693544E-001     240    240   1.9999999999999998E-002 0.0000000000000000E+000   7.7991328677078728E-002  5.2892619959581734E-004  7.7993122207927676E-002
  7.4034952915799543E-001  7.4034952915799543E-001     250    250   1.9999999999999998E-002 0.0000000000000000E+000   7.7148179351654109E-002  5.4308258484925397E-004  7.7150090835779039E-002
  7.7182080390241250E-001  7.7182080390241250E-001     260    260   1.9999999999999998E-002 0.0000000000000000E+000   7.6238296315433355E-002  5.5912611967514704E-004  7.6240346583010252E-002
  8.0332480168193391E-001  8.0332480168193391E-001     270    270   1.9999999999999998E-002 0.0000000000000000E+000   7.5283447941896106E-002  5.7460170422116041E-004  7.5285640736721344E-002
  8.3486022318965815E-001  8.3486022318965815E-001     280    280   1.9999999999999998E-002 0.0000000000000000E+000   7.4301016726369200E-002  5.8729465632097106E-004  7.4303337755349447E-002
  8.6642502215709438E-001  8.6642502215709438E-001     290    290   1.9999999999999998E-002 0.0000000000000000E+000   7.3304781322930905E-002  5.9581269963839140E-004  7.3307202630954142E-002
  8.9801751542614507E-001  8.9801751542614507E-001     300    300   1.9999999999999998E-002 0.0000000000000000E+000   7.2305555371954453E-002  5.9981705271817054E-004  7.2308043246540032E-002
  9.2963641990341798E-001  9.2963641990341798E-001     310    310   1.9999999999999998E-002 0.0000000000000000E+000   7.1311739269551743E-002  6.0020273400158625E-004  7.1314265059456598E-002
  9.6128044439847375E-001  9.6128044439847375E-001     320    320   1.9999999999999998E-002 0.0000000000000000E+000   7.0329772908202130E-002  5.9904462088731902E-004  7.0332324089120614E-002
  9.9294834175721788E-001  9.9294834175721788E-001     330    330   1.9999999999999998E-002 0.0000000000000000E+000   6.9364488367188963E-002  5.9882928512995103E-004  6.9367073190056265E-002
  1.0246390002544900E+000  1.0246390002544900E+000     340    340   1.9999999999999998E-002 0.0000000000000000E+000   6.8419402307071379E-002  6.0086604529270148E-004  6.8422040689103029E-002
  1.0563513191119755E+000  1.0563513191119755E+000     350    350   1.9999999999999998E-002 0.0000000000000000E+000   6.7496970018738133E-002  6.0430094532919840E-004  6.7499675120277133E-002
  1.0880841365626616E+000  1.0880841365626616E+000     360    360   1.9999999999999998E-002 0.0000000000000000E+000   6.6598799999054651E-002  6.0699571127354357E-004  6.6601566085998200E-002
  1.1198362559333920E+000  1.1198362559333920E+000     370    370   1.9999999999999998E-002 0.0000000000000000E+000   6.5725832847491076E-002  6.0712355572487091E-004  6.5728636852655428E-002
  1.1516064505913583E+000  1.1516064505913583E+000     380    380   1.9999999999999998E-002 0.0000000000000000E+000   6.4878491377850782E-002  6.0424843515541599E-004  6.4881305162868345E-002
  1.1833934694661887E+000  1.1833934694661887E+000     390    390   1.9999999999999998E-002 0.0000000000000000E+000   6.4056804023373912E-002  5.9982989226094547E-004  6.4059612374635728E-002
  1.2151960883614543E+000  1.2151960883614543E+000     400    400   1.9999999999999998E-002 0.0000000000000000E+000   6.3260503523441222E-002  5.9700180897554213E-004  6.3263320472444686E-002
  1.2470131760826095E+000  1.2470131760826095E+000     410    410   1.9999999999999998E-002 0.0000000000000000E+000   6.2489105248438860E-002  5.9887299470530086E-004  6.2491974873692832E-002
  1.2788437450123186E+000  1.2788437450123186E+000     420    420   1.9999999999999998E-002 0.0000000000000000E+000   6.1741969150966751E-002  6.0587227860746084E-004  6.1744941783573779E-002
  1.3106869875861439E+000  1.3106869875861439E+000     430    430   1.9999999999999998E-002 0.0000000000000000E+000   6.1018348229648440E-002  6.1519995395059430E-004  6.1021449439176560E-002
  1.3425423019333566E+000  1.3425423019333566E+000     440    440   1.9999999999999998E-002 0.0000000000000000E+000   6.0317426086242091E-002  6.2294206343424134E-004  6.0320642789045892E-002
  1.3744092995964323E+000  1.3744092995964323E+000     450    450   1.9999999999999998E-002 0.0000000000000000E+000   5.9638345972459045E-002  6.2620078823485343E-004  5.9641633426306395E-002
  1.4062877868575165E+000  1.4062877868575165E+000     460    460   1.9999999999999998E-002 0.0000000000000000E+000   5.8980233365487642E-002  6.2429808647613072E-004  5.8983537329903841E-002
  1.4381777165625637E+000  1.4381777165625637E+000     470    470   1.9999999999999998E-002 0.0000000000000000E+000   5.8342213566030922E-002  6.1938672045895506E-004  5.8345501314958667E-002
  1.4700791159309051E+000  1.4700791159309051E+000     480    480   1.9999999999999998E-002 0.0000000000000000E+000   5.7723425324601338E-002  6.1612875373434201E-004  5.7726713450931930E-002
  1.5019919994113408E+000  1.5019919994113408E+000     490    490   1.9999999999999998E-002 0.0000000000000000E+000   5.7123031103002768E-002  6.1924194150413267E-004  5.7126387449030406E-002
  1.5339162794352878E+000  1.5339162794352878E+000     500    500   1.9999999999999998E-002 0.0000000000000000E+000   5.6540224336668813E-002  6.2961107334086428E-004  5.6543729786285856E-002
  1.5658516878701576E+000  1.5658516878701576E+000     510    510   1.9999999999999998E-002 0.0000000000000000E+000   5.5974234019716471E-002  6.4338733112393517E-004  5.5977931556568218E-002
  1.5977977207034930E+000  1.5977977207034930E+000     520    520   1.9999999999999998E-002 0.0000000000000000E+000   5.5424327042022110E-002  6.5502061752977702E-004  5.5428197517783415E-002
  1.6297536176023399E+000  1.6297536176023399E+000     530    530   1.9999999999999998E-002 0.0000000000000000E+000   5.4889808798834582E-002  6.6043214593310866E-004  5.4893781802604939E-002
  1.6617183853056332E+000  1.6617183853056332E+000     540    540   1.9999999999999998E-002 0.0000000000000000E+000   5.4370022614618891E-002  6.5886965998919055E-004  5.4374014642502022E-002
  1.6936908666824450E+000  1.6936908666824450E+000     550    550   1.9999999999999998E-002 0.0000000000000000E+000   5.3864348363270968E-002  6.5389110228858688E-004  5.3868317201983062E-002
  1.7256698493442930E+000  1.7256698493442930E+000     560    560   1.9999999999999998E-002 0.0000000000000000E+000   5.3372200415153292E-002  6.5288048862929821E-004  5.3376193476939901E-002
  1.7576541998158616E+000  1.7576541998158616E+000     570    570   1.9999999999999998E-002 0.0000000000000000E+000   5.2893024845110474E-002  6.6311252741003476E-004  5.2897181356755504E-002
  1.7896430040793720E+000  1.7896430040793720E+000     580    580   1.9999999999999998E-002 0.0000000000000000E+000   5.2426295848717421E-002  6.8558352541482632E-004  5.2430778376708895E-002
  1.8216356929703447E+000  1.8216356929703447E+000     590    590   1.9999999999999998E-002 0.0000000000000000E+000   5.1971511585639831E-002  7.1379127092655094E-004  5.1976413058951527E-002
  1.8536321303592071E+000  1.8536321303592071E+000     600    600   1.9999999999999998E-002 0.0000000000000000E+000   5.1528190110392415E-002  7.3860273951787460E-004  5.1533483387595353E-002
  1.8856326448198348E+000  1.8856326448198348E+000     610    610   1.9999999999999998E-002 0.0000000000000000E+000   5.1095866316569971E-002  7.5312360285405421E-004  5.1101416318943311E-002
  1.9176379916583488E+000  1.9176379916583488E+000     620    620   1.9999999999999998E-002 0.0000000000000000E+000   5.0674090763158057E-002  7.5556216741134010E-004  5.0679723251627999E-002
  1.9496492414941082E+000  1.9496492414941082E+000     630    630   1.9999999999999998E-002 0.0000000000000000E+000   5.0262430756431664E-002  7.5089721389490691E-004  5.0268039470133727E-002
  1.9816676047293462E+000  1.9816676047293462E+000     640    640   1.9999999999999998E-002 0.0000000000000000E+000   4.9860473199296491E-002  7.5048115228361416E-004  4.9866120859935527E-002
  2.0136942129793165E+000  2.0136942129793165E+000     650    650   1.9999999999999998E-002 0.0000000000000000E+000   4.9467827985128973E-002  7.6636548578599983E-004  4.9473763972676598E-002
  2.0457298874213130E+000  2.0457298874213130E+000     660    660   1.9999999999999998E-002 0.0000000000000000E+000   4.9084130428078607E-002  8.0144030650702653E-004  4.9090672906831560E-002
  2.0777749282091355E+000  2.0777749282091355E+000     670    670   1.9999999999999998E-002 0.0000000000000000E+000   4.8709041683738103E-002  8.4650261853792070E-004  4.8716396710258935E-002
  2.1098289597710402E+000  2.1098289597710402E+000     680    680   1.9999999999999998E-002 0.0000000000000000E+000   4.8342247124738415E-002  8.8742588845470731E-004  4.8350391743777825E-002
  2.1418908630793080E+000  2.1418908630793080E+000     690    690   1.9999999999999998E-002 0.0000000000000000E+000   4.7983453671739555E-002  9.1302026429711400E-004  4.7992139275833425E-002
  2.1739588184222502E+000  2.1739588184222502E+000     700    700   1.9999999999999998E-002 0.0000000000000000E+000   4.7632387533124278E-002  9.1980311680096864E-004  4.7641267614111715E-002
  2.2060304681974396E+000  2.2060304681974396E+000     710    710   1.9999999999999998E-002 0.0000000000000000E+000   4.7288793281756609E-002  9.1492352954676370E-004  4.7297643229971058E-002
  2.2381031913996789E+000  2.2381031913996789E+000     720    720   1.9999999999999998E-002 0.0000000000000000E+000   4.6952433865446456E-002  9.1617391737379261E-004  4.6961371578521839E-002
  2.2701744600311943E+000  2.2701744600311943E+000     730    730   1.9999999999999998E-002 0.0000000000000000E+000   4.6623089842793037E-002  9.4394863643347637E-004  4.6632644633533022E-002
  2.3022422289133701E+000  2.3022422289133701E+000     740    740   1.9999999999999998E-002 0.0000000000000000E+000   4.6300555867450663E-002  1.0051748181254240E-003  4.6311465643508995E-002
  2.3343052996781468E+000  2.3343052996781468E+000     750    750   1.9999999999999998E-002 0.0000000000000000E+000   4.5984633623179647E-002  1.0863521784054725E-003  4.5997463957413904E-002
  2.3663635945808381E+000  2.3663635945808381E+000     760    760   1.9999999999999998E-002 0.0000000000000000E+000   4.5675122449348508E-002  1.1639782285613795E-003  4.5689951368758805E-002
  2.3984182848783581E+000  2.3984182848783581E+000     770    770   1.9999999999999998E-002 0.0000000000000000E+000   4.5371810832216201E-002  1.2178024440262467E-003  4.5388151107828651E-002
  2.4304717355660643E+000  2.4304717355660643E+000     780    780   1.9999999999999998E-002 0.0000000000000000E+000   4.5074472765876851E-002  1.2391894217856305E-003  4.5091503473989860E-002
  2.4625272524003736E+000  2.4625272524003736E+000     790    790   1.9999999999999998E-002 0.0000000000000000E+000   4.4782872036257268E-002  1.2364217942025519E-003  4.4799937127957809E-002
  2.4945886463555795E+000  2.4945886463555795E+000     800    800   1.9999999999999998E-002 0.0000000000000000E+000   4.4496774244620347E-002  1.2360825635124659E-003  4.4513939595148483E-002
  2.5266596577429369E+000  2.5266596577429369E+000     810    810   1.9999999999999998E-002 0.0000000000000000E+000   4.4215962052766331E-002  1.2727836481905656E-003  4.4234277189378525E-002
  2.5587433078158081E+000  2.5587433078158081E+000     820    820   1.9999999999999998E-002 0.0000000000000000E+000   4.3940246587545352E-002  1.3637920082310599E-003  4.3961405787531484E-002
  2.5908412660772852E+000  2.5908412660772852E+000     830    830   1.9999999999999998E-002 0.0000000000000000E+000   4.3669469522870230E-002  1.4927179796132683E-003  4.3694974257636918E-002
  2.6229533327214231E+000  2.6229533327214231E+000     840    840   1.9999999999999998E-002 0.0000000000000000E+000   4.3403495174186019E-002  1.6225300274226601E-003  4.3433811679675056E-002
  2.6550771363602425E+000  2.6550771363602425E+000     850    850   1.9999999999999998E-002 0.0000000000000000E+000   4.3142197324950393E-002  1.7179822564494646E-003  4.3176389995672774E-002
  2.6872081326570529E+000  2.6872081326570529E+000     860    860   1.9999999999999998E-002 0.0000000000000000E+000   4.2885449532404651E-002  1.7611293824184574E-003  4.2921595477079410E-002
  2.7193399562221856E+000  2.7193399562221856E+000     870    870   1.9999999999999998E-002 0.0000000000000000E+000   4.2633127607713117E-002  1.7614605354475036E-003  4.2669500967710991E-002
  2.7514651263664506E+000  2.7514651263664506E+000     880    880   1.9999999999999998E-002 0.0000000000000000E+000   4.2385124961488251E-002  1.7600082423909901E-003  4.2421650687051997E-002
  2.7835760431976463E+000  2.7835760431976463E+000     890    890   1.9999999999999998E-002 0.0000000000000000E+000   4.2141368743389886E-002  1.8155360950182487E-003  4.2180459111757802E-002
  2.8156661455863476E+000  2.8156661455863476E+000     900    900   1.9999999999999998E-002 0.0000000000000000E+000   4.1901820768084085E-002  1.9635907371309965E-003  4.1947804141141746E-002
  2.8477310531489843E+000  2.8477310531489843E+000     910    910   1.9999999999999998E-002 0.0000000000000000E+000   4.1666458502768719E-002  2.1832492357475157E-003  4.1723618507846849E-002
  2.8797694935020711E+000  2.8797694935020711E+000     920    920   1.9999999999999998E-002 0.0000000000000000E+000   4.1435243666688288E-002  2.4133418368383172E-003  4.1505465140620527E-002
  2.9117838320840530E+000  2.9117838320840530E+000     930    930   1.9999999999999998E-002 0.0000000000000000E+000   4.1208086851043939E-002  2.5912016321142350E-003  4.1289475024774189E-002
  2.9437800715439328E+000  2.9437800715439328E+000     940    940   1.9999999999999998E-002 0.0000000000000000E+000   4.0984819053547552E-002  2.6810949440654505E-003  4.1072419735768290E-002
  2.9757672603692100E+000  2.9757672603692100E+000     950    950   1.9999999999999998E-002 0.0000000000000000E+000   4.0765195264234739E-002  2.6923896884902567E-003  4.0854009682843557E-002
  3.0077563308100772E+000  3.0077563308100772E+000     960    960   1.9999999999999998E-002 0.0000000000000000E+000   4.0548949396724198E-002  2.6879225491723395E-003  4.0637940705804087E-002
  3.0397584629986380E+000  3.0397584629986380E+000     970    970   1.9999999999999998E-002 0.0000000000000000E+000   4.0335870955071859E-002  2.7645455460013219E-003  4.0430498361758111E-002
  3.0717831381049376E+000  3.0717831381049376E+000     980    980   1.9999999999999998E-002 0.0000000000000000E+000   4.0125843618895169E-002  2.9877949880317075E-003  4.0236926386325002E-002
  3.1038361072814355E+000  3.1038361072814355E+000     990    990   1.9999999999999998E-002 0.0000000000000000E+000   3.9918830707744664E-002  3.3310532851826453E-003  4.0057570583627564E-002
  3.1359175713902627E+000  3.1359175713902627E+000    1000   1000   1.9999999999999998E-002 0.0000000000000000E+000   3.9714838399214617E-002  3.6948903154860093E-003  3.9886346078817553E-002
  3.1680209328017689E+000  3.1680209328017689E+000    1010   1010   1.9999999999999998E-002 0.0000000000000000E+000   3.9513860884673235E-002  3.9728199079053894E-003  3.9713077191700456E-002
  3.2001325125401804E+000  3.2001325125401804E+000    1020   1020   1.9999999999999998E-002 0.0000000000000000E+000   3.9315816883578209E-002  4.1053313368394972E-003  3.9529573772155575E-002
  3.2322325640972104E+000  3.2322325640972104E+000    1030   1030   1.9999999999999998E-002 0.0000000000000000E+000   3.9120587915188252E-002  4.1155398061682371E-003  3.9336472474360594E-002
  3.2642977188099218E+000  3.2642977188099218E+000    1040   1040   1.9999999999999998E-002 0.0000000000000000E+000   3.8928186198642130E-002  4.1193142709536205E-003  3.9145528873410739E-002
  3.2963046687533834E+000  3.2963046687533834E+000    1050   1050   1.9999999999999998E-002 0.0000000000000000E+000   3.8738794795470163E-002  4.2743854081197234E-003  3.8973896300250672E-002
  3.3282345128186046E+000  3.3282345128186046E+000    1060   1060   1.9999999999999998E-002 0.0000000000000000E+000   3.8552562624291418E-002  4.6586894189216900E-003  3.8833020382168118E-002
  3.3600769026865644E+000  3.3600769026865644E+000    1070   1070   1.9999999999999998E-002 0.0000000000000000E+000   3.8369489438180064E-002  5.1940509354850092E-003  3.8719450988708814E-002
  3.3918330365027973E+000  3.3918330365027973E+000    1080   1080   1.9999999999999998E-002 0.0000000000000000E+000   3.8189569562044045E-002  5.7093703801209905E-003  3.8613988831401556E-002
  3.4235167216516662E+000  3.4235167216516662E+000    1090   1090   1.9999999999999998E-002 0.0000000000000000E+000   3.8012767665809633E-002  6.0521705142738388E-003  3.8491548079398780E-002
  3.4551531287546830E+000  3.4551531287546830E+000    1100   1100   1.9999999999999998E-002 0.0000000000000000E+000   3.7838732827831171E-002  6.1708433874906098E-003  3.8338609913883479E-002
  3.4867753121515834E+000  3.4867753121515834E+000    1110   1110   1.9999999999999998E-002 0.0000000000000000E+000   3.7667019278356024E-002  6.1580009637109167E-003  3.8167071110908011E-002
  3.5184189141902320E+000  3.5184189141902320E+000    1120   1120   1.9999999999999998E-002 0.0000000000000000E+000   3.7497545591961323E-002  6.2251859473183763E-003  3.8010773018973296E-002
  3.5501156664200537E+000  3.5501156664200537E+000    1130   1130   1.9999999999999998E-002 0.0000000000000000E+000   3.7330236108729191E-002  6.5698210478526402E-003  3.7903945395357938E-002
  3.5818864538270815E+000  3.5818864538270815E+000    1140   1140   1.9999999999999998E-002 0.0000000000000000E+000   3.7164655965245954E-002  7.2020317788127767E-003  3.7856055192770954E-002
  3.6137349958136093E+000  3.6137349958136093E+000    1150   1150   1.9999999999999998E-002 0.0000000000000000E+000   3.7000639332832343E-002  7.9228859594030183E-003  3.7839389965537830E-002
  3.6456436844966217E+000  3.6456436844966217E+000    1160   1160   1.9999999999999998E-002 0.0000000000000000E+000   3.6838491005312716E-002  8.4734394800017760E-003  3.7800444391167666E-002
  3.6775735161908449E+000  3.6775735161908449E+000    1170   1170   1.9999999999999998E-002 0.0000000000000000E+000   3.6678338928663083E-002  8.7115594353155589E-003  3.7698697780704804E-002
  3.7094696840740897E+000  3.7094696840740897E+000    1180   1180   1.9999999999999998E-002 0.0000000000000000E+000   3.6521294193847810E-002  8.7156328502517119E-003  3.7546866521375235E-002
  3.7412727725445980E+000  3.7412727725445980E+000    1190   1190   1.9999999999999998E-002 0.0000000000000000E+000   3.6369014455981427E-002  8.7501618718011453E-003  3.7406824848977873E-002
  3.7729330520782626E+000  3.7729330520782626E+000    1200   1200   1.9999999999999998E-002 0.0000000000000000E+000   3.6220455966569660E-002  9.0913607957273860E-003  3.7343999137000589E-002
  3.8044236007326288E+000  3.8044236007326288E+000    1210   1210   1.9999999999999998E-002 0.0000000000000000E+000   3.6072768469230398E-002  9.7974609160359911E-003  3.7379604939538291E-002
  3.8357481440598860E+000  3.8357481440598860E+000    1220   1220   1.9999999999999998E-002 0.0000000000000000E+000   3.5925592572328226E-002  1.0643260711925803E-002  3.7469016537066308E-002
  3.8669415262847337E+000  3.8669415262847337E+000    1230   1230   1.9999999999999998E-002 0.0000000000000000E+000   3.5780443670006207E-002  1.1299189476627444E-002  3.7522151218329895E-002
  3.8980632734660902E+000  3.8980632734660902E+000    1240   1240   1.9999999999999998E-002 0.0000000000000000E+000   3.5638057566652499E-002  1.1586675005361803E-002  3.7474286981928202E-002
  3.9291864589528504E+000  3.9291864589528504E+000    1250   1250   1.9999999999999998E-002 0.0000000000000000E+000   3.5501278700338620E-002  1.1595921672934339E-002  3.7347104155529180E-002
  3.9603843707210035E+000  3.9603843707210035E+000    1260   1260   1.9999999999999998E-002 0.0000000000000000E+000   3.5370610158290842E-002  1.1617434081038364E-002  3.7229623119191788E-002
  3.9917166319919857E+000  3.9917166319919857E+000    1270   1270   1.9999999999999998E-002 0.0000000000000000E+000   3.5240190455461140E-002  1.1973424714306391E-002  3.7218730804882875E-002
  4.0231590776486010E+000  4.0231590776486010E+000    1280   1280   1.9999999999999998E-002 0.0000000000000000E+000   3.5105424681427432E-002  1.2760385306361239E-002  3.7352620727737089E-002
  4.0544187532286439E+000  4.0544187532286439E+000    1290   1290   1.9999999999999998E-002 0.0000000000000000E+000   3.4970118835338626E-002  1.3699431625252433E-002  3.7557737394745598E-002
  4.0855541423337555E+000  4.0855541423337555E+000    1300   1300   1.9999999999999998E-002 0.0000000000000000E+000   3.4838345882832446E-002  1.4386807341589554E-002  3.7692049152783981E-002
  4.1167026211461008E+000  4.1167026211461008E+000    1310   1310   1.9999999999999998E-002 0.0000000000000000E+000   3.4720054359325183E-002  1.4662932629202225E-002  3.7689305751141386E-002
  4.1479979253384993E+000  4.1479979253384993E+000    1320   1320   1.9999999999999998E-002 0.0000000000000000E+000   3.4621918100198700E-002  1.4658338955497844E-002  3.7597129064213561E-002
  4.1794861984312943E+000  4.1794861984312943E+000    1330   1330   1.9999999999999998E-002 0.0000000000000000E+000   3.4530579312783209E-002  1.4692693183721196E-002  3.7526472531632641E-002
  4.2108097097566545E+000  4.2108097097566545E+000    1340   1340   1.9999999999999998E-002 0.0000000000000000E+000   3.4426657520509658E-002  1.5107714008435695E-002  3.7595714790320826E-002
  4.2418957412098956E+000  4.2418957412098956E+000    1350   1350   1.9999999999999998E-002 0.0000000000000000E+000   3.4306830870495290E-002  1.5955934435598837E-002  3.7835836030011251E-002
  4.2727880268353084E+000  4.2727880268353084E+000    1360   1360   1.9999999999999998E-002 0.0000000000000000E+000   3.4183835708038197E-002  1.6876881546589794E-002  3.8123008203075613E-002
  4.3035694070959511E+000  4.3035694070959511E+000    1370   1370   1.9999999999999998E-002 0.0000000000000000E+000   3.4072259518762355E-002  1.7468107566588033E-002  3.8289080044730535E-002
  4.3343435740358255E+000  4.3343435740358255E+000    1380   1380   1.9999999999999998E-002 0.0000000000000000E+000   3.3989579654279742E-002  1.7657420164428804E-002  3.8302428277301224E-002
  4.3652158110681220E+000  4.3652158110681220E+000    1390   1390   1.9999999999999998E-002 0.0000000000000000E+000   3.3926530710706042E-002  1.7621432856981149E-002  3.8229888595149933E-002
  4.3962745031994536E+000  4.3962745031994536E+000    1400   1400   1.9999999999999998E-002 0.0000000000000000E+000   3.3854501001904591E-002  1.7710247131659235E-002  3.8207068607162248E-002
  4.4273661244808586E+000  4.4273661244808586E+000    1410   1410   1.9999999999999998E-002 0.0000000000000000E+000   3.3755346080683334E-002  1.8249695295263778E-002  3.8372838928031853E-002
  4.4581568236971511E+000  4.4581568236971511E+000    1420   1420   1.9999999999999998E-002 0.0000000000000000E+000   3.3642277120125818E-002  1.9167278981696220E-002  3.8719341334654892E-002
  4.4887848914605443E+000  4.4887848914605443E+000    1430   1430   1.9999999999999998E-002 0.0000000000000000E+000   3.3539453681562867E-002  1.9994929276098385E-002  3.9047306565419814E-002
  4.5194251930963096E+000  4.5194251930963096E+000    1440   1440   1.9999999999999998E-002 0.0000000000000000E+000   3.3483090912457318E-002  2.0451817368663545E-002  3.9235114511532263E-002
  4.5502484982806850E+000  4.5502484982806850E+000    1450   1450   1.9999999999999998E-002 0.0000000000000000E+000   3.3472921954015335E-002  2.0551971868912586E-002  3.9278748094105239E-002
  4.5813952979780090E+000  4.5813952979780090E+000    1460   1460   1.9999999999999998E-002 0.0000000000000000E+000   3.3466803222588765E-002  2.0505162397425391E-002  3.9249058624179330E-002
  4.6126343777389804E+000  4.6126343777389804E+000    1470   1470   1.9999999999999998E-002 0.0000000000000000E+000   3.3420904258630961E-002  2.0690037039314632E-002  3.9306926541676961E-002
  4.6435875242018163E+000  4.6435875242018163E+000    1480   1480   1.9999999999999998E-002 0.0000000000000000E+000   3.3329207021288258E-002  2.1348606471636855E-002  3.9580285988717989E-002
  4.6743091463333978E+000  4.6743091463333978E+000    1490   1490   1.9999999999999998E-002 0.0000000000000000E+000   3.3226421378050043E-002  2.2228206655412643E-002  3.9976095966308067E-002
  4.7049009630091847E+000  4.7049009630091847E+000    1500   1500   1.9999999999999998E-002 0.0000000000000000E+000   3.3156866254074959E-002  2.2871086978362962E-002  4.0279826208195812E-002
  4.7354875435675243E+000  4.7354875435675243E+000    1510   1510   1.9999999999999998E-002 0.0000000000000000E+000   3.3145197424114374E-002  2.3148426310672918E-002  4.0428378064722956E-002
  4.7661939015060763E+000  4.7661939015060763E+000    1520   1520   1.9999999999999998E-002 0.0000000000000000E+000   3.3155909392377194E-002  2.3139708967858920E-002  4.0432171086311159E-002
  4.7971247088976411E+000  4.7971247088976411E+000    1530   1530   1.9999999999999998E-002 0.0000000000000000E+000   3.3140083060398959E-002  2.3133897817670621E-002  4.0415867347968266E-002
  4.8279836955559671E+000  4.8279836955559671E+000    1540   1540   1.9999999999999998E-002 0.0000000000000000E+000   3.3071530728933251E-002  2.3497291966134219E-002  4.0569063022166682E-002
  4.8584990447992399E+000  4.8584990447992399E+000    1550   1550   1.9999999999999998E-002 0.0000000000000000E+000   3.2976112194184459E-002  2.4268534304696509E-002  4.0943689779276999E-002
  4.8888443319203078E+000  4.8888443319203078E+000    1560   1560   1.9999999999999998E-002 0.0000000000000000E+000   3.2903411484451869E-002  2.5016704188245793E-002  4.1333642178706604E-002
  4.9192164056777887E+000  4.9192164056777887E+000    1570   1570   1.9999999999999998E-002 0.0000000000000000E+000   3.2906558624553294E-002  2.5471668839471459E-002  4.1613069028598026E-002
  4.9498052516521440E+000  4.9498052516521440E+000    1580   1580   1.9999999999999998E-002 0.0000000000000000E+000   3.2962454643710650E-002  2.5602455419628302E-002  4.1737382999569296E-002
  4.9807670743415251E+000  4.9807670743415251E+000    1590   1590   1.9999999999999998E-002 0.0000000000000000E+000   3.3010370241382887E-002  2.5545453443765162E-002  4.1740325048096478E-002
  5.0119322836029116E+000  5.0119322836029116E+000    1600   1600   1.9999999999999998E-002 0.0000000000000000E+000   3.2997369957016777E-002  2.5642345780149384E-002  4.1789428342452570E-002
  5.0427999908633909E+000  5.0427999908633909E+000    1610   1610   1.9999999999999998E-002 0.0000000000000000E+000   3.2921586579088475E-002  2.6166503375196832E-002  4.2053736596985125E-002
  5.0734220545314396E+000  5.0734220545314396E+000    1620   1620   1.9999999999999998E-002 0.0000000000000000E+000   3.2835062894192525E-002  2.6915595398589955E-002  4.2456926772037748E-002
  5.1039135951638918E+000  5.1039135951638918E+000    1630   1630   1.9999999999999998E-002 0.0000000000000000E+000   3.2801668381894959E-002  2.7476521872891410E-002  4.2789118977460702E-002
  5.1344113359545797E+000  5.1344113359545797E+000    1640   1640   1.9999999999999998E-002 0.0000000000000000E+000   3.2834974306706303E-002  2.7733200689026347E-002  4.2979831993388186E-002
  5.1650500146799762E+000  5.1650500146799762E+000    1650   1650   1.9999999999999998E-002 0.0000000000000000E+000   3.2881912324017688E-002  2.7722957323299799E-002  4.3009098116955302E-002
  5.1959329234224513E+000  5.1959329234224513E+000    1660   1660   1.9999999999999998E-002 0.0000000000000000E+000   3.2888105300336638E-002  2.7692191415220150E-002  4.2994010462193728E-002
  5.2266363103439470E+000  5.2266363103439470E+000    1670   1670   1.9999999999999998E-002 0.0000000000000000E+000   3.2830421442706239E-002  2.7979533524099688E-002  4.3135726125010629E-002
  5.2569943307473909E+000  5.2569943307473909E+000    1680   1680   1.9999999999999998E-002 0.0000000000000000E+000   3.2745446638505240E-002  2.8626140139809667E-002  4.3493909629501192E-002
  5.2871954988399787E+000  5.2871954988399787E+000    1690   1690   1.9999999999999998E-002 0.0000000000000000E+000   3.2695768524218364E-002  2.9245738142208121E-002  4.3867145779864404E-002
  5.3174476719545307E+000  5.3174476719545307E+000    1700   1700   1.9999999999999998E-002 0.0000000000000000E+000   3.2731438973192883E-002  2.9627104983135508E-002  4.4148753628359465E-002
  5.3479484206990335E+000  5.3479484206990335E+000    1710   1710   1.9999999999999998E-002 0.0000000000000000E+000   3.2811942954834494E-002  2.9729661790084346E-002  4.4277267199140855E-002
  5.3788576988450884E+000  5.3788576988450884E+000    1720   1720   1.9999999999999998E-002 0.0000000000000000E+000   3.2872723642677206E-002  2.9664368096419121E-002  4.4278557951311805E-002
  5.4099714728115086E+000  5.4099714728115086E+000    1730   1730   1.9999999999999998E-002 0.0000000000000000E+000   3.2863169468183595E-002  2.9737307523018280E-002  4.4320371909688596E-002
  5.4407752702957985E+000  5.4407752702957985E+000    1740   1740   1.9999999999999998E-002 0.0000000000000000E+000   3.2791194390794857E-002  3.0188343629115399E-002  4.4571274613190601E-002
  5.4713353009689589E+000  5.4713353009689589E+000    1750   1750   1.9999999999999998E-002 0.0000000000000000E+000   3.2716077282064590E-002  3.0812792988197976E-002  4.4941850478808333E-002
  5.5017757832970719E+000  5.5017757832970719E+000    1760   1760   1.9999999999999998E-002 0.0000000000000000E+000   3.2703970654357910E-002  3.1268706637420446E-002  4.5246897256476765E-002
  5.5322397901560247E+000  5.5322397901560247E+000    1770   1770   1.9999999999999998E-002 0.0000000000000000E+000   3.2752667826986279E-002  3.1466772414172776E-002  4.5419104085728587E-002
  5.5628654092439724E+000  5.5628654092439724E+000    1780   1780   1.9999999999999998E-002 0.0000000000000000E+000   3.2804553994627161E-002  3.1436252780604534E-002  4.5435412969097965E-002
  5.5937278064379798E+000  5.5937278064379798E+000    1790   1790   1.9999999999999998E-002 0.0000000000000000E+000   3.2808222101268111E-002  3.1402973016182356E-002  4.5415043231304030E-002
  5.6243240160418279E+000  5.6243240160418279E+000    1800   1800   1.9999999999999998E-002 0.0000000000000000E+000   3.2749362813353335E-002  3.1662350722349930E-002  4.5552444697795788E-002
  5.6545894079545035E+000  5.6545894079545035E+000    1810   1810   1.9999999999999998E-002 0.0000000000000000E+000   3.2670683290343882E-002  3.2215237092581001E-002  4.5882404553261615E-002
  5.6847218725271098E+000  5.6847218725271098E+000    1820   1820   1.9999999999999998E-002 0.0000000000000000E+000   3.2636186272756138E-002  3.2718073458945413E-002  4.6212476511165077E-002
  5.7149341557268913E+000  5.7149341557268913E+000    1830   1830   1.9999999999999998E-002 0.0000000000000000E+000   3.2683145014994323E-002  3.3017223631546865E-002  4.6457776791477281E-002
  5.7454250126587842E+000  5.7454250126587842E+000    1840   1840   1.9999999999999998E-002 0.0000000000000000E+000   3.2763086956157381E-002  3.3075662617448022E-002  4.6555550952383528E-002
  5.7763513384642584E+000  5.7763513384642584E+000    1850   1850   1.9999999999999998E-002 0.0000000000000000E+000   3.2814774283356165E-002  3.3003288906516874E-002  4.6540589703125085E-002
  5.8074206871245639E+000  5.8074206871245639E+000    1860   1860   1.9999999999999998E-002 0.0000000000000000E+000   3.2795176386477935E-002  3.3077647166929917E-002  4.6579548476988339E-002
  5.8381711075923510E+000  5.8381711075923510E+000    1870   1870   1.9999999999999998E-002 0.0000000000000000E+000   3.2722858489053399E-002  3.3485774395160388E-002  4.6819681273351196E-002
  5.8686883679472936E+000  5.8686883679472936E+000    1880   1880   1.9999999999999998E-002 0.0000000000000000E+000   3.2656460169031964E-002  3.4006313134482946E-002  4.7147361790158290E-002
  5.8991031428194480E+000  5.8991031428194480E+000    1890   1890   1.9999999999999998E-002 0.0000000000000000E+000   3.2654909421469904E-002  3.4368499018955613E-002  4.7408193744756372E-002
  5.9295615998060950E+000  5.9295615998060950E+000    1900   1900   1.9999999999999998E-002 0.0000000000000000E+000   3.2703159195338340E-002  3.4505422986472726E-002  4.7540728189953540E-002
  5.9602016872948562E+000  5.9602016872948562E+000    1910   1910   1.9999999999999998E-002 0.0000000000000000E+000   3.2745782223138109E-002  3.4453714680013995E-002  4.7532564717854217E-002
  5.9910493893692606E+000  5.9910493893692606E+000    1920   1920   1.9999999999999998E-002 0.0000000000000000E+000   3.2737614583438445E-002  3.4428451306722087E-002  4.7508627300660828E-002
  6.0215640281197906E+000  6.0215640281197906E+000    1930   1930   1.9999999999999998E-002 0.0000000000000000E+000   3.2674756392189192E-002  3.4679587289850544E-002  4.7647806663930207E-002
  6.0517705687547982E+000  6.0517705687547982E+000    1940   1940   1.9999999999999998E-002 0.0000000000000000E+000   3.2601338640683743E-002  3.5158761297185918E-002  4.7947740062666532E-002
  6.0818731332937092E+000  6.0818731332937092E+000    1950   1950   1.9999999999999998E-002 0.0000000000000000E+000   3.2577221490943117E-002  3.5566635263072488E-002  4.8231326998190686E-002
  6.1120861507576087E+000  6.1120861507576087E+000    1960   1960   1.9999999999999998E-002 0.0000000000000000E+000   3.2625183800737662E-002  3.5793253801279396E-002  4.8430978058621914E-002
  6.1426062224122555E+000  6.1426062224122555E+000    1970   1970   1.9999999999999998E-002 0.0000000000000000E+000   3.2694727482273222E-002  3.5810657462531740E-002  4.8490704192029339E-002
  6.1735834584963669E+000  6.1735834584963669E+000    1980   1980   1.9999999999999998E-002 0.0000000000000000E+000   3.2730205294014362E-002  3.5736361668536824E-002  4.8459817208619293E-002
  6.2046019289159248E+000  6.2046019289159248E+000    1990   1990   1.9999999999999998E-002 0.0000000000000000E+000   3.2698184012189672E-002  3.5822904569064251E-002  4.8502079640560777E-002
  6.2353055473470933E+000  6.2353055473470933E+000    2000   2000   1.9999999999999998E-002 0.0000000000000000E+000   3.2625914137921676E-002  3.6201094551145791E-002  4.8733659005209473E-002
  6.2657910577560071E+000  6.2657910577560071E+000    2010   2010   1.9999999999999998E-002 0.0000000000000000E+000   3.2567271825690986E-002  3.6636903285337996E-002  4.9019280660854827E-002
  6.2961939714069732E+000  6.2961939714069732E+000    2020   2020   1.9999999999999998E-002 0.0000000000000000E+000   3.2570930506629593E-002  3.6922185739336570E-002  4.9235285251918288E-002
  6.3266617297721845E+000  6.3266617297721845E+000    2030   2030   1.9999999999999998E-002 0.0000000000000000E+000   3.2613009601108626E-002  3.7006476431285868E-002  4.9326338736027430E-002
  6.3573302407697065E+000  6.3573302407697065E+000    2040   2040   1.9999999999999998E-002 0.0000000000000000E+000   3.2642574210842734E-002  3.6939479757858282E-002  4.9295667313584434E-002
  6.3881544913674357E+000  6.3881544913674357E+000    2050   2050   1.9999999999999998E-002 0.0000000000000000E+000   3.2621641101969589E-002  3.6928282830005789E-002  4.9273416168950694E-002
  6.4186017148585321E+000  6.4186017148585321E+000    2060   2060   1.9999999999999998E-002 0.0000000000000000E+000   3.2556104495571691E-002  3.7178392679381340E-002  4.9417940286386468E-002
  6.4487675207203514E+000  6.4487675207203514E+000    2070   2070   1.9999999999999998E-002 0.0000000000000000E+000   3.2488148829869327E-002  3.7596583405832038E-002  4.9688860906479082E-002
  6.4788604379688221E+000  6.4788604379688221E+000    2080   2080   1.9999999999999998E-002 0.0000000000000000E+000   3.2471986725858488E-002  3.7928949757602716E-002  4.9930302939588511E-002
  6.5090948288214036E+000  6.5090948288214036E+000    2090   2090   1.9999999999999998E-002 0.0000000000000000E+000   3.2517188748646406E-002  3.8095570288620844E-002  5.0086325875735262E-002
  6.5396632943932200E+000  6.5396632943932200E+000    2100   2100   1.9999999999999998E-002 0.0000000000000000E+000   3.2574157642313168E-002  3.8080300958351806E-002  5.0111725845204322E-002
  6.5706911710112914E+000  6.5706911710112914E+000    2110   2110   1.9999999999999998E-002 0.0000000000000000E+000   3.2593138895652971E-002  3.8009814532092200E-002  5.0070537283270430E-002
  6.6016576885291744E+000  6.6016576885291744E+000    2120   2120   1.9999999999999998E-002 0.0000000000000000E+000   3.2550839709929011E-002  3.8112695433348608E-002  5.0121200295051622E-002
  6.6323189843732999E+000  6.6323189843732999E+000    2130   2130   1.9999999999999998E-002 0.0000000000000000E+000   3.2480150487582606E-002  3.8465697281827772E-002  5.0344513534974444E-002
  6.6627796920324886E+000  6.6627796920324886E+000    2140   2140   1.9999999999999998E-002 0.0000000000000000E+000   3.2428934984727315E-002  3.8832026423345539E-002  5.0592115002113500E-002
  6.6931790909559456E+000  6.6931790909559456E+000    2150   2150   1.9999999999999998E-002 0.0000000000000000E+000   3.2435299163032360E-002  3.9055045428156361E-002  5.0767560559778379E-002
  6.7236647740071866E+000  6.7236647740071866E+000    2160   2160   1.9999999999999998E-002 0.0000000000000000E+000   3.2469844498253341E-002  3.9096832826066126E-002  5.0821778193704663E-002
  6.7543694352855014E+000  6.7543694352855014E+000    2170   2170   1.9999999999999998E-002 0.0000000000000000E+000   3.2486573021613747E-002  3.9021426602480557E-002  5.0774493210483342E-002
  6.7851586232424274E+000  6.7851586232424274E+000    2180   2180   1.9999999999999998E-002 0.0000000000000000E+000   3.2454864778683392E-002  3.9027671072515461E-002  5.0759012570646833E-002
  6.8155470343011819E+000  6.8155470343011819E+000    2190   2190   1.9999999999999998E-002 0.0000000000000000E+000   3.2388778156438848E-002  3.9278086061734009E-002  5.0909733795611167E-002
  6.8456828764367845E+000  6.8456828764367845E+000    2200   2200   1.9999999999999998E-002 0.0000000000000000E+000   3.2326641746855355E-002  3.9643744000740021E-002  5.1153085977541392E-002
  6.8757778662115907E+000  6.8757778662115907E+000    2210   2210   1.9999999999999998E-002 0.0000000000000000E+000   3.2316904493838416E-002  3.9915411395991494E-002  5.1357787948617117E-002
  6.9060451874458026E+000  6.9060451874458026E+000    2220   2220   1.9999999999999998E-002 0.0000000000000000E+000   3.2358004009168239E-002  4.0032866080015345E-002  5.1474953035799764E-002
  6.9366722313734765E+000  6.9366722313734765E+000    2230   2230   1.9999999999999998E-002 0.0000000000000000E+000   3.2402647476569410E-002  3.9993354630824079E-002  5.1472322447288965E-002
  6.9677404358571584E+000  6.9677404358571584E+000    2240   2240   1.9999999999999998E-002 0.0000000000000000E+000   3.2406833573381890E-002  3.9931477684782876E-002  5.1426897362597960E-002
  6.9986559348307100E+000  6.9986559348307100E+000    2250   2250   1.9999999999999998E-002 0.0000000000000000E+000   3.2357321116047121E-002  4.0051662819343682E-002  5.1489143752847414E-002
  7.0292780656316082E+000  7.0292780656316082E+000    2260   2260   1.9999999999999998E-002 0.0000000000000000E+000   3.2289481198251657E-002  4.0380589017293555E-002  5.1703022788187311E-002
  7.0597186044684567E+000  7.0597186044684567E+000    2270   2270   1.9999999999999998E-002 0.0000000000000000E+000   3.2245405482490894E-002  4.0689136674554822E-002  5.1916972350579690E-002
  7.0901198202152722E+000  7.0901198202152722E+000    2280   2280   1.9999999999999998E-002 0.0000000000000000E+000   3.2253064211308490E-002  4.0861081377677344E-002  5.2056585773290571E-002
  7.1206286970186578E+000  7.1206286970186578E+000    2290   2290   1.9999999999999998E-002 0.0000000000000000E+000   3.2280060684132552E-002  4.0869286991442415E-002  5.2079755538598337E-002
  7.1513739223767931E+000  7.1513739223767931E+000    2300   2300   1.9999999999999998E-002 0.0000000000000000E+000   3.2285195361104519E-002  4.0791493180242603E-002  5.2021916106372554E-002
  7.1821118512978623E+000  7.1821118512978623E+000    2310   2310   1.9999999999999998E-002 0.0000000000000000E+000   3.2245268015073742E-002  4.0816963466431923E-002  5.2017130024483053E-002
  7.2124478508636862E+000  7.2124478508636862E+000    2320   2320   1.9999999999999998E-002 0.0000000000000000E+000   3.2180383824373399E-002  4.1066491537093678E-002  5.2173114055518858E-002
  7.2425614163783853E+000  7.2425614163783853E+000    2330   2330   1.9999999999999998E-002 0.0000000000000000E+000   3.2124339973053577E-002  4.1386034592028844E-002  5.2390620133349603E-002
  7.2726665105435879E+000  7.2726665105435879E+000    2340   2340   1.9999999999999998E-002 0.0000000000000000E+000   3.2119903441241985E-002  4.1608007658180952E-002  5.2563433091436797E-002
  7.3029743274084131E+000  7.3029743274084131E+000    2350   2350   1.9999999999999998E-002 0.0000000000000000E+000   3.2156551697004172E-002  4.1685062577733749E-002  5.2646825727214370E-002
  7.3336661451282738E+000  7.3336661451282738E+000    2360   2360   1.9999999999999998E-002 0.0000000000000000E+000   3.2189886668337179E-002  4.1628628747684226E-002  5.2622538280977222E-002
  7.3647574997268208E+000  7.3647574997268208E+000    2370   2370   1.9999999999999998E-002 0.0000000000000000E+000   3.2181512213223553E-002  4.1579055542637934E-002  5.2578204497183307E-002
  7.3956235523727169E+000  7.3956235523727169E+000    2380   2380   1.9999999999999998E-002 0.0000000000000000E+000   3.2127709555960866E-002  4.1715846822219075E-002  5.2653600042229067E-002
  7.4262096839678060E+000  7.4262096839678060E+000    2390   2390   1.9999999999999998E-002 0.0000000000000000E+000   3.2063526506704294E-002  4.2020628548902214E-002  5.2856437220937859E-002
  7.4566340964122037E+000  7.4566340964122037E+000    2400   2400   1.9999999999999998E-002 0.0000000000000000E+000   3.2026286511912731E-002  4.2280690144341877E-002  5.3040925584165394E-002
  7.4870413901020382E+000  7.4870413901020382E+000    2410   2410   1.9999999999999998E-002 0.0000000000000000E+000   3.2034474104611669E-002  4.2410194372584868E-002  5.3149149738066983E-002
  7.5175773385667481E+000  7.5175773385667481E+000    2420   2420   1.9999999999999998E-002 0.0000000000000000E+000   3.2054486560346640E-002  4.2392386036505698E-002  5.3147008406076503E-002
  7.5483659977081707E+000  7.5483659977081707E+000    2430   2430   1.9999999999999998E-002 0.0000000000000000E+000   3.2049601573913535E-002  4.2317150564914802E-002  5.3084067223417132E-002
  7.5790380703951081E+000  7.5790380703951081E+000    2440   2440   1.9999999999999998E-002 0.0000000000000000E+000   3.2004004899624249E-002  4.2362486447920533E-002  5.3092716898510889E-002
  7.6093269919684258E+000  7.6093269919684258E+000    2450   2450   1.9999999999999998E-002 0.0000000000000000E+000   3.1941504177886108E-002  4.2608782027687981E-002  5.3251929495830871E-002
  7.6394244272425186E+000  7.6394244272425186E+000    2460   2460   1.9999999999999998E-002 0.0000000000000000E+000   3.1891759779644877E-002  4.2887598820908472E-002  5.3445584237294712E-002
  7.6695458027625642E+000  7.6695458027625642E+000    2470   2470   1.9999999999999998E-002 0.0000000000000000E+000   3.1891746121889688E-002  4.3068120364986501E-002  5.3590544524906915E-002
  7.6998996437353470E+000  7.6998996437353470E+000    2480   2480   1.9999999999999998E-002 0.0000000000000000E+000   3.1924027812724236E-002  4.3111908996411116E-002  5.3644946165528253E-002
  7.7306603168629983E+000  7.7306603168629983E+000    2490   2490   1.9999999999999998E-002 0.0000000000000000E+000   3.1947257376540298E-002  4.3044706654585809E-002  5.3604794793584025E-002
  7.7617572733666175E+000  7.7617572733666175E+000    2500   2500   1.9999999999999998E-002 0.0000000000000000E+000   3.1928603509885227E-002  4.3010127531879822E-002  5.3565910730613195E-002
  7.7925755491171866E+000  7.7925755491171866E+000    2510   2510   1.9999999999999998E-002 0.0000000000000000E+000   3.1872942519392317E-002  4.3161691553212433E-002  5.3654599826847428E-002
  7.8231287234619779E+000  7.8231287234619779E+000    2520   2520   1.9999999999999998E-002 0.0000000000000000E+000   3.1812860979993482E-002  4.3441923646354982E-002  5.3844766262173786E-002
  7.8535407418665794E+000  7.8535407418665794E+000    2530   2530   1.9999999999999998E-002 0.0000000000000000E+000   3.1782053749048073E-002  4.3660832850562147E-002  5.4003400501376832E-002
  7.8839579307740095E+000  7.8839579307740095E+000    2540   2540   1.9999999999999998E-002 0.0000000000000000E+000   3.1790249828317875E-002  4.3754577812805877E-002  5.4084037050905777E-002
  7.9145242964034965E+000  7.9145242964034965E+000    2550   2550   1.9999999999999998E-002 0.0000000000000000E+000   3.1803900094849506E-002  4.3717074610258164E-002  5.4061730213914236E-002
  7.9453436675502953E+000  7.9453436675502953E+000    2560   2560   1.9999999999999998E-002 0.0000000000000000E+000   3.1790501195802498E-002  4.3648379641426764E-002  5.3998305636403429E-002
  7.9759478022080338E+000  7.9759478022080338E+000    2570   2570   1.9999999999999998E-002 0.0000000000000000E+000   3.1741467805591314E-002  4.3713290914317175E-002  5.4021963875937668E-002
  8.0061944197550065E+000  8.0061944197550065E+000    2580   2580   1.9999999999999998E-002 0.0000000000000000E+000   3.1681999829609157E-002  4.3953441466928291E-002  5.4181677068821390E-002
  8.0362811076353644E+000  8.0362811076353644E+000    2590   2590   1.9999999999999998E-002 0.0000000000000000E+000   3.1638659036039831E-002  4.4196151515847637E-002  5.4353514646345972E-002
  8.0664240496027233E+000  8.0664240496027233E+000    2600   2600   1.9999999999999998E-002 0.0000000000000000E+000   3.1642216771440794E-002  4.4341360727905394E-002  5.4473719841893304E-002
  8.0968284659416838E+000  8.0968284659416838E+000    2610   2610   1.9999999999999998E-002 0.0000000000000000E+000   3.1670222375238710E-002  4.4357711980853062E-002  5.4503298959543586E-002
  8.1276610230534611E+000  8.1276610230534611E+000    2620   2620   1.9999999999999998E-002 0.0000000000000000E+000   3.1684369454719707E-002  4.4284860627548408E-002  5.4452255679122814E-002
  8.1587438350038929E+000  8.1587438350038929E+000    2630   2630   1.9999999999999998E-002 0.0000000000000000E+000   3.1657515297513194E-002  4.4267138616828543E-002  5.4422218221364282E-002
  8.1895160490801153E+000  8.1895160490801153E+000    2640   2640   1.9999999999999998E-002 0.0000000000000000E+000   3.1601826323936443E-002  4.4430817548888770E-002  5.4523141647110593E-002
  8.2200391889526720E+000  8.2200391889526720E+000    2650   2650   1.9999999999999998E-002 0.0000000000000000E+000   3.1546077947171857E-002  4.4686221256672347E-002  5.4699299849717624E-002
  8.2504422882282550E+000  8.2504422882282550E+000    2660   2660   1.9999999999999998E-002 0.0000000000000000E+000   3.1521151983950690E-002  4.4869737479600821E-002  5.4834992148112995E-002
  8.2808728300348839E+000  8.2808728300348839E+000    2670   2670   1.9999999999999998E-002 0.0000000000000000E+000   3.1528896999546645E-002  4.4933014268408735E-002  5.4891229875573417E-002
  8.3114725255291901E+000  8.3114725255291901E+000    2680   2680   1.9999999999999998E-002 0.0000000000000000E+000   3.1536690775455888E-002  4.4881140803969215E-002  5.4853255736851522E-002
  8.3423064253028442E+000  8.3423064253028442E+000    2690   2690   1.9999999999999998E-002 0.0000000000000000E+000   3.1516129253376985E-002  4.4822145573349816E-002  5.4793166881593249E-002
  8.3728459903298144E+000  8.3728459903298144E+000    2700   2700   1.9999999999999998E-002 0.0000000000000000E+000   3.1465509899239560E-002  4.4905622970658516E-002  5.4832410922756960E-002
  8.4030550159744343E+000  8.4030550159744343E+000    2710   2710   1.9999999999999998E-002 0.0000000000000000E+000   3.1409353184586086E-002  4.5136676735605449E-002  5.4989699528262683E-002
  8.4331361105752424E+000  8.4331361105752424E+000    2720   2720   1.9999999999999998E-002 0.0000000000000000E+000   3.1372409567114090E-002  4.5347341693512737E-002  5.5141721778658219E-002
  8.4633055517072950E+000  8.4633055517072950E+000    2730   2730   1.9999999999999998E-002 0.0000000000000000E+000   3.1378727150884557E-002  4.5461917543822565E-002  5.5239573354353321E-002
  8.4937646347143456E+000  8.4937646347143456E+000    2740   2740   1.9999999999999998E-002 0.0000000000000000E+000   3.1402521954439919E-002  4.5455748624249645E-002  5.5248017775211222E-002
  8.5246715236290295E+000  8.5246715236290295E+000    2750   2750   1.9999999999999998E-002 0.0000000000000000E+000   3.1408458740157123E-002  4.5381547713916257E-002  5.5190362866560418E-002
  8.5557213878907685E+000  8.5557213878907685E+000    2760   2760   1.9999999999999998E-002 0.0000000000000000E+000   3.1375309454706368E-002  4.5381849514199021E-002  5.5171752815258576E-002
  8.5864494844936931E+000  8.5864494844936931E+000    2770   2770   1.9999999999999998E-002 0.0000000000000000E+000   3.1320862669081552E-002  4.5554441947782269E-002  5.5282941487490795E-002
  8.6169455980825446E+000  8.6169455980825446E+000    2780   2780   1.9999999999999998E-002 0.0000000000000000E+000   3.1269594971408607E-002  4.5785159175829130E-002  5.5444281674776458E-002
  8.6473432156184024E+000  8.6473432156184024E+000    2790   2790   1.9999999999999998E-002 0.0000000000000000E+000   3.1249905359162926E-002  4.5937832025686251E-002  5.5559346614019906E-002
  8.6777904306148574E+000  8.6777904306148574E+000    2800   2800   1.9999999999999998E-002 0.0000000000000000E+000   3.1256810735848858E-002  4.5975008150004192E-002  5.5593970822110092E-002
  8.7084261438529413E+000  8.7084261438529413E+000    2810   2810   1.9999999999999998E-002 0.0000000000000000E+000   3.1259175699747658E-002  4.5913331909501815E-002  5.5544307651277575E-002
  8.7392561632406824E+000  8.7392561632406824E+000    2820   2820   1.9999999999999998E-002 0.0000000000000000E+000   3.1232708278822807E-002  4.5866510328331537E-002  5.5490709457791131E-002
  8.7697347267741498E+000  8.7697347267741498E+000    2830   2830   1.9999999999999998E-002 0.0000000000000000E+000   3.1181986516613253E-002  4.5966904604903637E-002  5.5545230236975005E-002
  8.7999108826004821E+000  8.7999108826004821E+000    2840   2840   1.9999999999999998E-002 0.0000000000000000E+000   3.1129221089273388E-002  4.6186208060775575E-002  5.5697344825926071E-002
  8.8299914071949245E+000  8.8299914071949245E+000    2850   2850   1.9999999999999998E-002 0.0000000000000000E+000   3.1098541528816960E-002  4.6368393666368223E-002  5.5831417825619027E-002
  8.8601920400674529E+000  8.8601920400674529E+000    2860   2860   1.9999999999999998E-002 0.0000000000000000E+000   3.1106867514575253E-002  4.6456023294123101E-002  5.5908848198415297E-002
  8.8907095309247932E+000  8.8907095309247932E+000    2870   2870   1.9999999999999998E-002 0.0000000000000000E+000   3.1126493687030052E-002  4.6431618528790865E-002  5.5899497389975492E-002
  8.9216899735266075E+000  8.9216899735266075E+000    2880   2880   1.9999999999999998E-002 0.0000000000000000E+000   3.1124994463840409E-002  4.6359717140906342E-002  5.5838952835444013E-002
  8.9526897152287840E+000  8.9526897152287840E+000    2890   2890   1.9999999999999998E-002 0.0000000000000000E+000   3.1087305881883988E-002  4.6378560651610865E-002  5.5833605249069906E-002
  8.9833758339564955E+000  8.9833758339564955E+000    2900   2900   1.9999999999999998E-002 0.0000000000000000E+000   3.1034882107903443E-002  4.6556506701278657E-002  5.5952410347344914E-002
  9.0138480057125036E+000  9.0138480057125036E+000    2910   2910   1.9999999999999998E-002 0.0000000000000000E+000   3.0988218660945086E-002  4.6763149253494455E-002  5.6098679341702375E-002
  9.0442435518601378E+000  9.0442435518601378E+000    2920   2920   1.9999999999999998E-002 0.0000000000000000E+000   3.0973055569227248E-002  4.6888588838114468E-002  5.6194928014227327E-002
  9.0747106440094498E+000  9.0747106440094498E+000    2930   2930   1.9999999999999998E-002 0.0000000000000000E+000   3.0978779661282742E-002  4.6903422489015778E-002  5.6210460151874013E-002
  9.1053848588889820E+000  9.1053848588889820E+000    2940   2940   1.9999999999999998E-002 0.0000000000000000E+000   3.0976078814991439E-002  4.6835921822576018E-002  5.6152658278330989E-002
  9.1361947643321634E+000  9.1361947643321634E+000    2950   2950   1.9999999999999998E-002 0.0000000000000000E+000   3.0944893563590687E-002  4.6803148359297130E-002  5.6108120036268669E-002
  9.1666160740264253E+000  9.1666160740264253E+000    2960   2960   1.9999999999999998E-002 0.0000000000000000E+000   3.0895181207126820E-002  4.6918241382057646E-002  5.6176806568246906E-002
  9.1967641093981864E+000  9.1967641093981864E+000    2970   2970   1.9999999999999998E-002 0.0000000000000000E+000   3.0845830021014220E-002  4.7123662825598859E-002  5.6321441989583593E-002
  9.2268490090057149E+000  9.2268490090057149E+000    2980   2980   1.9999999999999998E-002 0.0000000000000000E+000   3.0821137819139847E-002  4.7280436175150954E-002  5.6439190119800048E-002
  9.2570853606887837E+000  9.2570853606887837E+000    2990   2990   1.9999999999999998E-002 0.0000000000000000E+000   3.0830781229991055E-002  4.7344132948055372E-002  5.6497822930221932E-002
  9.2876647332090573E+000  9.2876647332090573E+000    3000   3000   1.9999999999999998E-002 0.0000000000000000E+000   3.0846254097007310E-002  4.7305311849411832E-002  5.6473745413131970E-002
  9.3187024562563021E+000  9.3187024562563021E+000    3010   3010   1.9999999999999998E-002 0.0000000000000000E+000   3.0838048229340695E-002  4.7238829854060426E-002  5.6413582270371849E-002
  9.3496511383950657E+000  9.3496511383950657E+000    3020   3020   1.9999999999999998E-002 0.0000000000000000E+000   3.0797407240800254E-002  4.7276119640175506E-002  5.6422617636794241E-002
  9.3802975754733335E+000  9.3802975754733335E+000    3030   3030   1.9999999999999998E-002 0.0000000000000000E+000   3.0747394727684635E-002  4.7455743601745119E-002  5.6545997942689290E-002
  9.4107489488969928E+000  9.4107489488969928E+000    3040   3040   1.9999999999999998E-002 0.0000000000000000E+000   3.0705444817674649E-002  4.7639330174898413E-002  5.6677421615350933E-002
  9.4411458123861695E+000  9.4411458123861695E+000    3050   3050   1.9999999999999998E-002 0.0000000000000000E+000   3.0694075001226304E-002  4.7740421477863472E-002  5.6756269108046142E-002
  9.4716358937698981E+000  9.4716358937698981E+000    3060   3060   1.9999999999999998E-002 0.0000000000000000E+000   3.0698316605955713E-002  4.7736253288769656E-002  5.6755057223907963E-002
  9.5023509269105677E+000  9.5023509269105677E+000    3070   3070   1.9999999999999998E-002 0.0000000000000000E+000   3.0690872796442847E-002  4.7666421862477204E-002  5.6692304999700624E-002
  9.5331225530854837E+000  9.5331225530854837E+000    3080   3080   1.9999999999999998E-002 0.0000000000000000E+000   3.0656114898959709E-002  4.7649035238075443E-002  5.6658873442891319E-002
  9.5634905614344258E+000  9.5634905614344258E+000    3090   3090   1.9999999999999998E-002 0.0000000000000000E+000   3.0608159324191923E-002  4.7776118492023851E-002  5.6739905845701050E-002
  9.5936152812974082E+000  9.5936152812974082E+000    3100   3100   1.9999999999999998E-002 0.0000000000000000E+000   3.0562283056158832E-002  4.7966172572931382E-002  5.6875362477095547E-002
  9.6237094484635203E+000  9.6237094484635203E+000    3110   3110   1.9999999999999998E-002 0.0000000000000000E+000   3.0543160726639637E-002  4.8100116447656908E-002  5.6978117461456161E-002
  9.6539858988698536E+000  9.6539858988698536E+000    3120   3120   1.9999999999999998E-002 0.0000000000000000E+000   3.0553494269901921E-002  4.8142459717645182E-002  5.7019404063581893E-002
  9.6846303649611602E+000  9.6846303649611602E+000    3130   3130   1.9999999999999998E-002 0.0000000000000000E+000   3.0564814456734641E-002  4.8092693013120477E-002  5.6983462548610210E-002
  9.7157059597778445E+000  9.7157059597778445E+000    3140   3140   1.9999999999999998E-002 0.0000000000000000E+000   3.0550628359164559E-002  4.8034260623421261E-002  5.6926541145396747E-002
  9.7466046416837297E+000  9.7466046416837297E+000    3150   3150   1.9999999999999998E-002 0.0000000000000000E+000   3.0508443833037754E-002  4.8089324934091637E-002  5.6950402261356041E-002
  9.7772138718004306E+000  9.7772138718004306E+000    3160   3160   1.9999999999999998E-002 0.0000000000000000E+000   3.0460958148750445E-002  4.8267057104347577E-002  5.7075202784171317E-002
  9.8076476624305914E+000  9.8076476624305914E+000    3170   3170   1.9999999999999998E-002 0.0000000000000000E+000   3.0423789218669479E-002  4.8428891875616724E-002  5.7192346679623184E-002
  9.8380492120636979E+000  9.8380492120636979E+000    3180   3180   1.9999999999999998E-002 0.0000000000000000E+000   3.0415487685589481E-002  4.8507997938948577E-002  5.7254936513782670E-002
  9.8685652910240388E+000  9.8685652910240388E+000    3190   3190   1.9999999999999998E-002 0.0000000000000000E+000   3.0417983291789232E-002  4.8487895424155800E-002  5.7239232264273400E-002
  9.8993232652116702E+000  9.8993232652116702E+000    3200   3200   1.9999999999999998E-002 0.0000000000000000E+000   3.0406109613042198E-002  4.8418820242300038E-002  5.7174414342925281E-002
  9.9300407676315067E+000  9.9300407676315067E+000    3210   3210   1.9999999999999998E-002 0.0000000000000000E+000   3.0368884800150546E-002  4.8417645119177921E-002  5.7153630881086359E-002
  9.9603595989223006E+000  9.9603595989223006E+000    3220   3220   1.9999999999999998E-002 0.0000000000000000E+000   3.0323094802314116E-002  4.8553642143680457E-002  5.7244617596824873E-002
  9.9904658491808717E+000  9.9904658491808717E+000    3230   3230   1.9999999999999998E-002 0.0000000000000000E+000   3.0280832817550273E-002  4.8727513649551568E-002  5.7369847677954179E-002
  1.0020574125002097E+001  1.0020574125002097E+001    3240   3240   1.9999999999999998E-002 0.0000000000000000E+000   3.0266746943922657E-002  4.8840758056418822E-002  5.7458642675345990E-002
  1.0050894916441477E+001  1.0050894916441477E+001    3250   3250   1.9999999999999998E-002 0.0000000000000000E+000   3.0277207345749355E-002  4.8864055326365996E-002  5.7483955914634616E-002
  1.0081607435988877E+001  1.0081607435988877E+001    3260   3260   1.9999999999999998E-002 0.0000000000000000E+000   3.0284372259763001E-002  4.8806530428411329E-002  5.7438842394562090E-002
  1.0112702170249294E+001  1.0112702170249294E+001    3270   3270   1.9999999999999998E-002 0.0000000000000000E+000   3.0264955758060523E-002  4.8758330798850701E-002  5.7387649972163128E-002
  1.0143552149016039E+001  1.0143552149016039E+001    3280   3280   1.9999999999999998E-002 0.0000000000000000E+000   3.0222426665995318E-002  4.8829950822968148E-002  5.7426119239897737E-002
  1.0174126784475205E+001  1.0174126784475205E+001    3290   3290   1.9999999999999998E-002 0.0000000000000000E+000   3.0177436758619702E-002  4.9002554711328727E-002  5.7549353233179409E-002
  1.0204546256528228E+001  1.0204546256528228E+001    3300   3300   1.9999999999999998E-002 0.0000000000000000E+000   3.0145038662244929E-002  4.9144072773594702E-002  5.7652955212413994E-002
  1.0234955835862680E+001  1.0234955835862680E+001    3310   3310   1.9999999999999998E-002 0.0000000000000000E+000   3.0139116500031333E-002  4.9203186610750453E-002  5.7700259237327466E-002
  1.0265500826446583E+001  1.0265500826446583E+001    3320   3320   1.9999999999999998E-002 0.0000000000000000E+000   3.0139638325055715E-002  4.9170016208547790E-002  5.7672248892461439E-002
  1.0296300532529216E+001  1.0296300532529216E+001    3330   3330   1.9999999999999998E-002 0.0000000000000000E+000   3.0123663923609909E-002  4.9104429867811889E-002  5.7607986953420393E-002
  1.0326949496940849E+001  1.0326949496940849E+001    3340   3340   1.9999999999999998E-002 0.0000000000000000E+000   3.0085026940943286E-002  4.9119783585594181E-002  5.7600885284280920E-002
  1.0357223444048846E+001  1.0357223444048846E+001    3350   3350   1.9999999999999998E-002 0.0000000000000000E+000   3.0041527124537918E-002  4.9261400422637606E-002  5.7699037457948882E-002
  1.0387316107724424E+001  1.0387316107724424E+001    3360   3360   1.9999999999999998E-002 0.0000000000000000E+000   3.0003087870810740E-002  4.9418881024875203E-002  5.7813589090579391E-002
  1.0417443273052791E+001  1.0417443273052791E+001    3370   3370   1.9999999999999998E-002 0.0000000000000000E+000   2.9993423693829646E-002  4.9513166237546126E-002  5.7889196710132875E-002
  1.0447812492340464E+001  1.0447812492340464E+001    3380   3380   1.9999999999999998E-002 0.0000000000000000E+000   3.0003507992610889E-002  4.9519570918483166E-002  5.7899899791047566E-002
  1.0478595742838687E+001  1.0478595742838687E+001    3390   3390   1.9999999999999998E-002 0.0000000000000000E+000   3.0006524729895818E-002  4.9457233854105258E-002  5.7848159062026383E-002
  1.0509689737120819E+001  1.0509689737120819E+001    3400   3400   1.9999999999999998E-002 0.0000000000000000E+000   2.9982673278077829E-002  4.9421028832374283E-002  5.7804833601960421E-002
  1.0540492566074097E+001  1.0540492566074097E+001    3410   3410   1.9999999999999998E-002 0.0000000000000000E+000   2.9940753754280610E-002  4.9507446377731421E-002  5.7857030534053679E-002
  1.0571035367204704E+001  1.0571035367204704E+001    3420   3420   1.9999999999999998E-002 0.0000000000000000E+000   2.9898195491203036E-002  4.9672189618529216E-002  5.7976102966043816E-002
  1.0601443833524741E+001  1.0601443833524741E+001    3430   3430   1.9999999999999998E-002 0.0000000000000000E+000   2.9870447763376052E-002  4.9794828434318088E-002  5.8066931969820396E-002
  1.0631864748386319E+001  1.0631864748386319E+001    3440   3440   1.9999999999999998E-002 0.0000000000000000E+000   2.9866265195384045E-002  4.9835713259584961E-002  5.8099846065308815E-002
  1.0662441444001347E+001  1.0662441444001347E+001    3450   3450   1.9999999999999998E-002 0.0000000000000000E+000   2.9864620370587768E-002  4.9792195543952821E-002  5.8061676577296328E-002
  1.0693267561323407E+001  1.0693267561323407E+001    3460   3460   1.9999999999999998E-002 0.0000000000000000E+000   2.9844927083426124E-002  4.9732511516599418E-002  5.8000365295088576E-002
  1.0723849901629858E+001  1.0723849901629858E+001    3470   3470   1.9999999999999998E-002 0.0000000000000000E+000   2.9805836222580657E-002  4.9764192992744913E-002  5.8007437257186804E-002
  1.0754083391058526E+001  1.0754083391058526E+001    3480   3480   1.9999999999999998E-002 0.0000000000000000E+000   2.9764550230485692E-002  4.9908107397201506E-002  5.8109789488464897E-002
  1.0784167370480157E+001  1.0784167370480157E+001    3490   3490   1.9999999999999998E-002 0.0000000000000000E+000   2.9730166723752113E-002  5.0049468750922887E-002  5.8213676534571350E-002
  1.0814318139632099E+001  1.0814318139632099E+001    3500   3500   1.9999999999999998E-002 0.0000000000000000E+000   2.9724268310210618E-002  5.0126221111057880E-002  5.8276669169162849E-002
  1.0844739717016356E+001  1.0844739717016356E+001    3510   3510   1.9999999999999998E-002 0.0000000000000000E+000   2.9733530028120544E-002  5.0117804575027919E-002  5.8274155020504885E-002
  1.0875596090623245E+001  1.0875596090623245E+001    3520   3520   1.9999999999999998E-002 0.0000000000000000E+000   2.9732427989373896E-002  5.0053380268850613E-002  5.8218194325154639E-002
  1.0906670292545948E+001  1.0906670292545948E+001    3530   3530   1.9999999999999998E-002 0.0000000000000000E+000   2.9704985824725373E-002  5.0030522971401509E-002  5.8184528971532198E-002
  1.0937427734394356E+001  1.0937427734394356E+001    3540   3540   1.9999999999999998E-002 0.0000000000000000E+000   2.9664355185303890E-002  5.0129502344145402E-002  5.8248956847582649E-002
  1.0967941573209429E+001  1.0967941573209429E+001    3550   3550   1.9999999999999998E-002 0.0000000000000000E+000   2.9624214286750385E-002  5.0284271660865433E-002  5.8361820127297425E-002
  1.0998342375178018E+001  1.0998342375178018E+001    3560   3560   1.9999999999999998E-002 0.0000000000000000E+000   2.9600877175777169E-002  5.0389366934432420E-002  5.8440570065908126E-002
  1.1028777889508913E+001  1.1028777889508913E+001    3570   3570   1.9999999999999998E-002 0.0000000000000000E+000   2.9597852778027897E-002  5.0413649087218033E-002  5.8459976936011308E-002
  1.1059388971092107E+001  1.1059388971092107E+001    3580   3580   1.9999999999999998E-002 0.0000000000000000E+000   2.9593883044122897E-002  5.0362374419157873E-002  5.8413754123191505E-002
  1.1090223031096677E+001  1.1090223031096677E+001    3590   3590   1.9999999999999998E-002 0.0000000000000000E+000   2.9570910873878425E-002  5.0310676907230558E-002  5.8357544334683959E-002
  1.1120742065679551E+001  1.1120742065679551E+001    3600   3600   1.9999999999999998E-002 0.0000000000000000E+000   2.9532200652558957E-002  5.0357990591952903E-002  5.8378746919081949E-002
  1.1150939651515980E+001  1.1150939651515980E+001    3610   3610   1.9999999999999998E-002 0.0000000000000000E+000   2.9492953273978464E-002  5.0501044249487554E-002  5.8482388486704071E-002
  1.1181019859001821E+001  1.1181019859001821E+001    3620   3620   1.9999999999999998E-002 0.0000000000000000E+000   2.9462821695463778E-002  5.0626882857365034E-002  5.8575926199353025E-002
  1.1211198863482569E+001  1.1211198863482569E+001    3630   3630   1.9999999999999998E-002 0.0000000000000000E+000   2.9460024774294009E-002  5.0687302932760056E-002  5.8626749341059349E-002
  1.1241676545365510E+001  1.1241676545365510E+001    3640   3640   1.9999999999999998E-002 0.0000000000000000E+000   2.9468069023001287E-002  5.0666103591188793E-002  5.8612465782096574E-002
  1.1272608109052748E+001  1.1272608109052748E+001    3650   3650   1.9999999999999998E-002 0.0000000000000000E+000   2.9462914774312682E-002  5.0602108229705446E-002  5.8554561771814466E-002
  1.1303642570170955E+001  1.1303642570170955E+001    3660   3660   1.9999999999999998E-002 0.0000000000000000E+000   2.9432770595627740E-002  5.0593535128749635E-002  5.8531989388358161E-002
  1.1334356611955012E+001  1.1334356611955012E+001    3670   3670   1.9999999999999998E-002 0.0000000000000000E+000   2.9393826588091616E-002  5.0702436480842667E-002  5.8606604632794478E-002
  1.1364844477557443E+001  1.1364844477557443E+001    3680   3680   1.9999999999999998E-002 0.0000000000000000E+000   2.9356179033519191E-002  5.0845771741330043E-002  5.8711819520599668E-002
  1.1395240979314147E+001  1.1395240979314147E+001    3690   3690   1.9999999999999998E-002 0.0000000000000000E+000   2.9336900715456902E-002  5.0934511582651822E-002  5.8779062715833338E-002
  1.1425694296554145E+001  1.1425694296554145E+001    3700   3700   1.9999999999999998E-002 0.0000000000000000E+000   2.9334511802831935E-002  5.0943764000511118E-002  5.8785888385311135E-002
  1.1456342299998147E+001  1.1456342299998147E+001    3710   3710   1.9999999999999998E-002 0.0000000000000000E+000   2.9328096330968079E-002  5.0887205857309192E-002  5.8733678195416176E-002
  1.1487167880889579E+001  1.1487167880889579E+001    3720   3720   1.9999999999999998E-002 0.0000000000000000E+000   2.9302348258873852E-002  5.0845247077980495E-002  5.8684467825014925E-002
  1.1517627170704438E+001  1.1517627170704438E+001    3730   3730   1.9999999999999998E-002 0.0000000000000000E+000   2.9264687305420743E-002  5.0907011895167224E-002  5.8719211363733005E-002
  1.1547793502938799E+001  1.1547793502938799E+001    3740   3740   1.9999999999999998E-002 0.0000000000000000E+000   2.9227307152209615E-002  5.1046392478788789E-002  5.8821506853090284E-002
  1.1577874845086786E+001  1.1577874845086786E+001    3750   3750   1.9999999999999998E-002 0.0000000000000000E+000   2.9201531439769095E-002  5.1157472710686704E-002  5.8905147929297978E-002
  1.1608086627342990E+001  1.1608086627342990E+001    3760   3760   1.9999999999999998E-002 0.0000000000000000E+000   2.9201189609448059E-002  5.1202615090901533E-002  5.8944187726644896E-002
  1.1638623972851342E+001  1.1638623972851342E+001    3770   3770   1.9999999999999998E-002 0.0000000000000000E+000   2.9207668965905311E-002  5.1170659130137980E-002  5.8919642584071070E-002
  1.1669625349167969E+001  1.1669625349167969E+001    3780   3780   1.9999999999999998E-002 0.0000000000000000E+000   2.9198585604468885E-002  5.1109413736036719E-002  5.8861953533185396E-002
  1.1700608212133467E+001  1.1700608212133467E+001    3790   3790   1.9999999999999998E-002 0.0000000000000000E+000   2.9166641828312025E-002  5.1115625726639954E-002  5.8851509657501370E-002
  1.1731281021118016E+001  1.1731281021118016E+001    3800   3800   1.9999999999999998E-002 0.0000000000000000E+000   2.9129524837509670E-002  5.1231542456341614E-002  5.8933862589474195E-002
  1.1761745988418537E+001  1.1761745988418537E+001    3810   3810   1.9999999999999998E-002 0.0000000000000000E+000   2.9094534708855448E-002  5.1362596308447514E-002  5.9030570465389713E-002
  1.1792141561303342E+001  1.1792141561303342E+001    3820   3820   1.9999999999999998E-002 0.0000000000000000E+000   2.9078878855541322E-002  5.1436005103642026E-002  5.9086748231030083E-002
  1.1822615823268500E+001  1.1822615823268500E+001    3830   3830   1.9999999999999998E-002 0.0000000000000000E+000   2.9076661069204865E-002  5.1431790913640949E-002  5.9081988249532475E-002
  1.1853303148603206E+001  1.1853303148603206E+001    3840   3840   1.9999999999999998E-002 0.0000000000000000E+000   2.9067719579798719E-002  5.1372299668434591E-002  5.9025803635302231E-002
  1.1884101993933959E+001  1.1884101993933959E+001    3850   3850   1.9999999999999998E-002 0.0000000000000000E+000   2.9039764150569769E-002  5.1341504234697303E-002  5.8985235093217678E-002
  1.1914505336048681E+001  1.1914505336048681E+001    3860   3860   1.9999999999999998E-002 0.0000000000000000E+000   2.9003618013434451E-002  5.1416070126177473E-002  5.9032382004195111E-002
  1.1944645153276896E+001  1.1944645153276896E+001    3870   3870   1.9999999999999998E-002 0.0000000000000000E+000   2.8968020150725841E-002  5.1549447831752264E-002  5.9131140384837888E-002
  1.1974732518701623E+001  1.1974732518701623E+001    3880   3880   1.9999999999999998E-002 0.0000000000000000E+000   2.8946575018401388E-002  5.1646574641335991E-002  5.9205345007685155E-002
  1.2004981511600143E+001  1.2004981511600143E+001    3890   3890   1.9999999999999998E-002 0.0000000000000000E+000   2.8948075127555847E-002  5.1677423410680987E-002  5.9232990334419355E-002
  1.2035581860053721E+001  1.2035581860053721E+001    3900   3900   1.9999999999999998E-002 0.0000000000000000E+000   2.8952686563370315E-002  5.1636734502815437E-002  5.9199750078450623E-002
  1.2066633926264862E+001  1.2066633926264862E+001    3910   3910   1.9999999999999998E-002 0.0000000000000000E+000   2.8939877524778555E-002  5.1580359620295972E-002  5.9144315108962439E-002
  1.2097566060052513E+001  1.2097566060052513E+001    3920   3920   1.9999999999999998E-002 0.0000000000000000E+000   2.8907008243653784E-002  5.1601399297189640E-002  5.9146593604591224E-002
  1.2128199994938961E+001  1.2128199994938961E+001    3930   3930   1.9999999999999998E-002 0.0000000000000000E+000   2.8871659640893621E-002  5.1721309866222355E-002  5.9233998891661832E-002
  1.2158645226268953E+001  1.2158645226268953E+001    3940   3940   1.9999999999999998E-002 0.0000000000000000E+000   2.8839541516102386E-002  5.1839751479203073E-002  5.9321825564327754E-002
  1.2189043239070678E+001  1.2189043239070678E+001    3950   3950   1.9999999999999998E-002 0.0000000000000000E+000   2.8827016943581330E-002  5.1898718298586441E-002  5.9367279429847181E-002
  1.2219541503306654E+001  1.2219541503306654E+001    3960   3960   1.9999999999999998E-002 0.0000000000000000E+000   2.8824560403696430E-002  5.1882629854869026E-002  5.9352022401293886E-002
  1.2250270378468517E+001  1.2250270378468517E+001    3970   3970   1.9999999999999998E-002 0.0000000000000000E+000   2.8813060528537102E-002  5.1822429305998554E-002  5.9293816171641040E-002
  1.2281026391378677E+001  1.2281026391378677E+001    3980   3980   1.9999999999999998E-002 0.0000000000000000E+000   2.8783519959023987E-002  5.1803878517497663E-002  5.9263250422898572E-002
  1.2311377777924628E+001  1.2311377777924628E+001    3990   3990   1.9999999999999998E-002 0.0000000000000000E+000   2.8749130933429839E-002  5.1889181590923305E-002  5.9321157234188426E-002
  1.2341495880530501E+001  1.2341495880530501E+001    4000   4000   1.9999999999999998E-002 0.0000000000000000E+000   2.8715363432274546E-002  5.2014786859987163E-002  5.9414730068708578E-002
  1.2371594127019029E+001  1.2371594127019029E+001    4010   4010   1.9999999999999998E-002 0.0000000000000000E+000   2.8698085417592400E-002  5.2098715181055599E-002  5.9479880885490876E-002
  1.2401884648591705E+001  1.2401884648591705E+001    4020   4020   1.9999999999999998E-002 0.0000000000000000E+000   2.8700857076634731E-002  5.2116240608180746E-002  5.9496569078083831E-002
  1.2432551114831040E+001  1.2432551114831040E+001    4030   4030   1.9999999999999998E-002 0.0000000000000000E+000   2.8703340117468716E-002  5.2068832977069519E-002  5.9456245269046812E-002
  1.2463635244285786E+001  1.2463635244285786E+001    4040   4040   1.9999999999999998E-002 0.0000000000000000E+000   2.8687091474195845E-002  5.2019214043217205E-002  5.9404948000338535E-002
  1.2494517774936988E+001  1.2494517774936988E+001    4050   4050   1.9999999999999998E-002 0.0000000000000000E+000   2.8654101002653362E-002  5.2054682460482730E-002  5.9420093153174615E-002
  1.2525115345141413E+001  1.2525115345141413E+001    4060   4060   1.9999999999999998E-002 0.0000000000000000E+000   2.8620347096975651E-002  5.2175635984210941E-002  5.9509841692851521E-002
  1.2555544063732138E+001  1.2555544063732138E+001    4070   4070   1.9999999999999998E-002 0.0000000000000000E+000   2.8591311605139949E-002  5.2281515271971255E-002  5.9588756812301211E-002
  1.2585947871430434E+001  1.2585947871430434E+001    4080   4080   1.9999999999999998E-002 0.0000000000000000E+000   2.8581404836587140E-002  5.2326828637816973E-002  5.9623767892714978E-002
  1.2616473113017083E+001  1.2616473113017083E+001    4090   4090   1.9999999999999998E-002 0.0000000000000000E+000   2.8578350698823138E-002  5.2300495646153004E-002  5.9599194403097373E-002
  1.2647245604301886E+001  1.2647245604301886E+001    4100   4100   1.9999999999999998E-002 0.0000000000000000E+000   2.8564314416611850E-002  5.2241672255392934E-002  5.9540846300090093E-002
  1.2677941038804576E+001  1.2677941038804576E+001    4110   4110   1.9999999999999998E-002 0.0000000000000000E+000   2.8533847700657366E-002  5.2236091027143318E-002  5.9521337941954168E-002
  1.2708244650212672E+001  1.2708244650212672E+001    4120   4120   1.9999999999999998E-002 0.0000000000000000E+000   2.8501242588180645E-002  5.2329737653747718E-002  5.9587937302615063E-002
  1.2738345891888602E+001  1.2738345891888602E+001    4130   4130   1.9999999999999998E-002 0.0000000000000000E+000   2.8469490066779226E-002  5.2446369670899208E-002  5.9675234028188421E-002
  1.2768459831861846E+001  1.2768459831861846E+001    4140   4140   1.9999999999999998E-002 0.0000000000000000E+000   2.8456090434448784E-002  5.2517761085408389E-002  5.9731602290894256E-002
  1.2798796061335524E+001  1.2798796061335524E+001    4150   4150   1.9999999999999998E-002 0.0000000000000000E+000   2.8459609271963422E-002  5.2522967254740366E-002  5.9737856081009095E-002
  1.2829531499102537E+001  1.2829531499102537E+001    4160   4160   1.9999999999999998E-002 0.0000000000000000E+000   2.8459746807810040E-002  5.2470835366321040E-002  5.9692091204817243E-002
  1.2860627984666983E+001  1.2860627984666983E+001    4170   4170   1.9999999999999998E-002 0.0000000000000000E+000   2.8440435998927959E-002  5.2429611817449970E-002  5.9646647811403505E-002
  1.2891462303944754E+001  1.2891462303944754E+001    4180   4180   1.9999999999999998E-002 0.0000000000000000E+000   2.8408008113848936E-002  5.2478648118340398E-002  5.9674311335155767E-002
  1.2922026177551273E+001  1.2922026177551273E+001    4190   4190   1.9999999999999998E-002 0.0000000000000000E+000   2.8375653100799009E-002  5.2597931802220356E-002  5.9763869676987173E-002
  1.2952441665568645E+001  1.2952441665568645E+001    4200   4200   1.9999999999999998E-002 0.0000000000000000E+000   2.8349850563264812E-002  5.2691543846129995E-002  5.9834043987082186E-002
  1.2982854595859654E+001  1.2982854595859654E+001    4210   4210   1.9999999999999998E-002 0.0000000000000000E+000   2.8342048797973662E-002  5.2723946050728986E-002  5.9858885866902848E-002
  1.3013409680936314E+001  1.3013409680936314E+001    4220   4220   1.9999999999999998E-002 0.0000000000000000E+000   2.8338085713118914E-002  5.2689043599038321E-002  5.9826268622281926E-002
  1.3044220289018673E+001  1.3044220289018673E+001    4230   4230   1.9999999999999998E-002 0.0000000000000000E+000   2.8321605734209960E-002  5.2633545353306478E-002  5.9769586311288822E-002
  1.3074847030315916E+001  1.3074847030315916E+001    4240   4240   1.9999999999999998E-002 0.0000000000000000E+000   2.8290868051523707E-002  5.2641267197935777E-002  5.9761829183126531E-002
  1.3105107197092107E+001  1.3105107197092107E+001    4250   4250   1.9999999999999998E-002 0.0000000000000000E+000   2.8259898922136287E-002  5.2740661957486247E-002  5.9834766739774254E-002
  1.3135196462927543E+001  1.3135196462927543E+001    4260   4260   1.9999999999999998E-002 0.0000000000000000E+000   2.8230447426789790E-002  5.2847633993981961E-002  5.9915194906456079E-002
  1.3165330853402859E+001  1.3165330853402859E+001    4270   4270   1.9999999999999998E-002 0.0000000000000000E+000   2.8220541813924345E-002  5.2907046867868832E-002  5.9962943461360547E-002
  1.3195716826798919E+001  1.3195716826798919E+001    4280   4280   1.9999999999999998E-002 0.0000000000000000E+000   2.8224330482416801E-002  5.2900999962382506E-002  5.9959391492915239E-002
  1.3226523822992897E+001  1.3226523822992897E+001    4290   4290   1.9999999999999998E-002 0.0000000000000000E+000   2.8221951219445514E-002  5.2846100597486396E-002  5.9909839584098492E-002
  1.3257613601418807E+001  1.3257613601418807E+001    4300   4300   1.9999999999999998E-002 0.0000000000000000E+000   2.8200045062145239E-002  5.2814651365651084E-002  5.9871779164998031E-002
  1.3288401322004794E+001  1.3288401322004794E+001    4310   4310   1.9999999999999998E-002 0.0000000000000000E+000   2.8168694047364052E-002  5.2875948901829357E-002  5.9911111628836204E-002
  1.3318934289544321E+001  1.3318934289544321E+001    4320   4320   1.9999999999999998E-002 0.0000000000000000E+000   2.8137601865217884E-002  5.2991233264494974E-002  5.9998295322597554E-002
  1.3349339866433276E+001  1.3349339866433276E+001    4330   4330   1.9999999999999998E-002 0.0000000000000000E+000   2.8115083490533244E-002  5.3072991779722569E-002  6.0059973161250699E-002
  1.3379765212642691E+001  1.3379765212642691E+001    4340   4340   1.9999999999999998E-002 0.0000000000000000E+000   2.8108893397399249E-002  5.3093219354342764E-002  6.0074951763898338E-002
  1.3410352902852198E+001  1.3410352902852198E+001    4350   4350   1.9999999999999998E-002 0.0000000000000000E+000   2.8103754746414058E-002  5.3051454415136687E-002  6.0035638136093103E-002
  1.3441183220597552E+001  1.3441183220597552E+001    4360   4360   1.9999999999999998E-002 0.0000000000000000E+000   2.8085007595879719E-002  5.3001073527251882E-002  5.9982342791039613E-002
  1.3471744402564373E+001  1.3471744402564373E+001    4370   4370   1.9999999999999998E-002 0.0000000000000000E+000   2.8054606037209651E-002  5.3022024174550841E-002  5.9986631572957103E-002
  1.3501965598216529E+001  1.3501965598216529E+001    4380   4380   1.9999999999999998E-002 0.0000000000000000E+000   2.8025020268418767E-002  5.3124518681647572E-002  6.0063435184827751E-002
  1.3532047794681407E+001  1.3532047794681407E+001    4390   4390   1.9999999999999998E-002 0.0000000000000000E+000   2.7998196067722527E-002  5.3221558977536354E-002  6.0136788433088224E-002
  1.3562207320337513E+001  1.3562207320337513E+001    4400   4400   1.9999999999999998E-002 0.0000000000000000E+000   2.7991337292872118E-002  5.3269469309161472E-002  6.0176002890878601E-002
  1.3592646902771443E+001  1.3592646902771443E+001    4410   4410   1.9999999999999998E-002 0.0000000000000000E+000   2.7994964050793371E-002  5.3253317919738307E-002  6.0163393202726975E-002
  1.3623527736987510E+001  1.3623527736987510E+001    4420   4420   1.9999999999999998E-002 0.0000000000000000E+000   2.7989948402266606E-002  5.3197553296654822E-002  6.0111703422145490E-002
  1.3654590904621137E+001  1.3654590904621137E+001    4430   4430   1.9999999999999998E-002 0.0000000000000000E+000   2.7965997389668939E-002  5.3176974984165106E-002  6.0082340820456483E-002
  1.3685333873486660E+001  1.3685333873486660E+001    4440   4440   1.9999999999999998E-002 0.0000000000000000E+000   2.7936034833864615E-002  5.3248806812264231E-002  6.0132000375579846E-002
  1.3715838852522788E+001  1.3715838852522788E+001    4450   4450   1.9999999999999998E-002 0.0000000000000000E+000   2.7906182773318044E-002  5.3358235281515256E-002  6.0215083736015611E-002
  1.3746237869601793E+001  1.3746237869601793E+001    4460   4460   1.9999999999999998E-002 0.0000000000000000E+000   2.7886882069422589E-002  5.3428586531357549E-002  6.0268499651913058E-002
  1.3776678873551990E+001  1.3776678873551990E+001    4470   4470   1.9999999999999998E-002 0.0000000000000000E+000   2.7881839446165694E-002  5.3437415615026342E-002  6.0273994048136732E-002
  1.3807301795970863E+001  1.3807301795970863E+001    4480   4480   1.9999999999999998E-002 0.0000000000000000E+000   2.7875302693285184E-002  5.3390516778293086E-002  6.0229393007861773E-002
  1.3838135293333249E+001  1.3838135293333249E+001    4490   4490   1.9999999999999998E-002 0.0000000000000000E+000   2.7854543328424763E-002  5.3346848502561670E-002  6.0181075340927225E-002
  1.3868634309914325E+001  1.3868634309914325E+001    4500   4500   1.9999999999999998E-002 0.0000000000000000E+000   2.7824998653439272E-002  5.3380550510430220E-002  6.0197289995983114E-002
  1.3898821117103230E+001  1.3898821117103230E+001    4510   4510   1.9999999999999998E-002 0.0000000000000000E+000   2.7796525509090370E-002  5.3483606392308864E-002  6.0275558753983631E-002
  1.3928901154354007E+001  1.3928901154354007E+001    4520   4520   1.9999999999999998E-002 0.0000000000000000E+000   2.7772626923578367E-002  5.3570734841832594E-002  6.0341879633718793E-002
  1.3959090419836741E+001  1.3959090419836741E+001    4530   4530   1.9999999999999998E-002 0.0000000000000000E+000   2.7768336663835442E-002  5.3607568148962103E-002  6.0372608722182317E-002
  1.3989587301392696E+001  1.3989587301392696E+001    4540   4540   1.9999999999999998E-002 0.0000000000000000E+000   2.7771413514843223E-002  5.3582547192832077E-002  6.0351808359687897E-002
  1.4020543939218804E+001  1.4020543939218804E+001    4550   4550   1.9999999999999998E-002 0.0000000000000000E+000   2.7763700612088157E-002  5.3527746341180453E-002  6.0299607793446066E-002
  1.4051561383974791E+001  1.4051561383974791E+001    4560   4560   1.9999999999999998E-002 0.0000000000000000E+000   2.7738318383017395E-002  5.3518830696647716E-002  6.0280009504429266E-002
  1.4082261639802490E+001  1.4082261639802490E+001    4570   4570   1.9999999999999998E-002 0.0000000000000000E+000   2.7709845663541905E-002  5.3599127419830017E-002  6.0338230060754067E-002
  1.4112741643317283E+001  1.4112741643317283E+001    4580   4580   1.9999999999999998E-002 0.0000000000000000E+000   2.7681340212844287E-002  5.3701347022517822E-002  6.0415985202693782E-002
  1.4143137466717901E+001  1.4143137466717901E+001    4590   4590   1.9999999999999998E-002 0.0000000000000000E+000   2.7665079603806561E-002  5.3760712408462163E-002  6.0461316791402515E-002
  1.4173597315356114E+001  1.4173597315356114E+001    4600   4600   1.9999999999999998E-002 0.0000000000000000E+000   2.7660756104445129E-002  5.3758982717006320E-002  6.0457800580545288E-002
  1.4204257968889459E+001  1.4204257968889459E+001    4610   4610   1.9999999999999998E-002 0.0000000000000000E+000   2.7652642997992327E-002  5.3708677581338069E-002  6.0409359476082347E-002
  1.4235076348747810E+001  1.4235076348747810E+001    4620   4620   1.9999999999999998E-002 0.0000000000000000E+000   2.7630206640641277E-002  5.3673108226292809E-002  6.0367465291130768E-002
  1.4265516846536518E+001  1.4265516846536518E+001    4630   4630   1.9999999999999998E-002 0.0000000000000000E+000   2.7601907968508099E-002  5.3718670393859335E-002  6.0395040130677042E-002
  1.4295673949531484E+001  1.4295673949531484E+001    4640   4640   1.9999999999999998E-002 0.0000000000000000E+000   2.7574342809046221E-002  5.3820005256661493E-002  6.0472616506794789E-002
  1.4325756729557184E+001  1.4325756729557184E+001    4650   4650   1.9999999999999998E-002 0.0000000000000000E+000   2.7553581401035560E-002  5.3897414255984754E-002  6.0532066803511028E-002
  1.4355980239716314E+001  1.4355980239716314E+001    4660   4660   1.9999999999999998E-002 0.0000000000000000E+000   2.7551373766338533E-002  5.3923586931963756E-002  6.0554367505750894E-002
  1.4386537903961924E+001  1.4386537903961924E+001    4670   4670   1.9999999999999998E-002 0.0000000000000000E+000   2.7553554414259058E-002  5.3891016262183812E-002  6.0526357850365446E-002
  1.4417557865767687E+001  1.4417557865767687E+001    4680   4680   1.9999999999999998E-002 0.0000000000000000E+000   2.7543161379087668E-002  5.3838933463954932E-002  6.0475255231297975E-002
  1.4448523970528228E+001  1.4448523970528228E+001    4690   4690   1.9999999999999998E-002 0.0000000000000000E+000   2.7516987405597741E-002  5.3842118280710602E-002  6.0466174815626096E-002
  1.4479183753353055E+001  1.4479183753353055E+001    4700   4700   1.9999999999999998E-002 0.0000000000000000E+000   2.7489920857960941E-002  5.3928567054381861E-002  6.0530868929133312E-002
  1.4509641891031364E+001  1.4509641891031364E+001    4710   4710   1.9999999999999998E-002 0.0000000000000000E+000   2.7462976294128389E-002  5.4022700832654155E-002  6.0602535196032114E-002
  1.4540037892816187E+001  1.4540037892816187E+001    4720   4720   1.9999999999999998E-002 0.0000000000000000E+000   2.7449486341562909E-002  5.4071462352351096E-002  6.0639898922552388E-002
  1.4570519697596260E+001  1.4570519697596260E+001    4730   4730   1.9999999999999998E-002 0.0000000000000000E+000   2.7445491354296267E-002  5.4060101669839530E-002  6.0627960449219608E-002
  1.4601220419635369E+001  1.4601220419635369E+001    4740   4740   1.9999999999999998E-002 0.0000000000000000E+000   2.7435671530215048E-002  5.4008099141923393E-002  6.0577147879688748E-002
  1.4632007376875588E+001  1.4632007376875588E+001    4750   4750   1.9999999999999998E-002 0.0000000000000000E+000   2.7411965299708471E-002  5.3981780874162277E-002  6.0542947631730763E-002
  1.4662393213598168E+001  1.4662393213598168E+001    4760   4760   1.9999999999999998E-002 0.0000000000000000E+000   2.7385134430356523E-002  5.4037914730945457E-002  6.0580870051837569E-002
  1.4692525369752020E+001  1.4692525369752020E+001    4770   4770   1.9999999999999998E-002 0.0000000000000000E+000   2.7358401336802953E-002  5.4135615731460831E-002  6.0655972618778193E-002
  1.4722615772252809E+001  1.4722615772252809E+001    4780   4780   1.9999999999999998E-002 0.0000000000000000E+000   2.7340866469380409E-002  5.4203568923640084E-002  6.0708729712919300E-002
  1.4752877926294809E+001  1.4752877926294809E+001    4790   4790   1.9999999999999998E-002 0.0000000000000000E+000   2.7340265584270810E-002  5.4219523878489876E-002  6.0722704911989850E-002
  1.4783499645684676E+001  1.4783499645684676E+001    4800   4800   1.9999999999999998E-002 0.0000000000000000E+000   2.7341243909637409E-002  5.4180794995093979E-002  6.0688567002580358E-002
  1.4814564469999149E+001  1.4814564469999149E+001    4810   4810   1.9999999999999998E-002 0.0000000000000000E+000   2.7328272152538404E-002  5.4133068088832638E-002  6.0640114771934561E-002
  1.4845480181994846E+001  1.4845480181994846E+001    4820   4820   1.9999999999999998E-002 0.0000000000000000E+000   2.7301931251260227E-002  5.4148435237619203E-002  6.0641969696994353E-002
  1.4876101893710522E+001  1.4876101893710522E+001    4830   4830   1.9999999999999998E-002 0.0000000000000000E+000   2.7276058957966333E-002  5.4238620909497328E-002  6.0710883624294389E-002
  1.4906541345057497E+001  1.4906541345057497E+001    4840   4840   1.9999999999999998E-002 0.0000000000000000E+000   2.7250948846549567E-002  5.4324191524582463E-002  6.0776080803526459E-002
  1.4936940890649190E+001  1.4936940890649190E+001    4850   4850   1.9999999999999998E-002 0.0000000000000000E+000   2.7239897208845111E-002  5.4362694222608007E-002  6.0805546811859407E-002
  1.4967447687199517E+001  1.4967447687199517E+001    4860   4860   1.9999999999999998E-002 0.0000000000000000E+000   2.7235878689870864E-002  5.4342721980980019E-002  6.0785890799686823E-002
  1.4998190661415020E+001  1.4998190661415020E+001    4870   4870   1.9999999999999998E-002 0.0000000000000000E+000   2.7224273558331590E-002  5.4290689815259023E-002  6.0734175481318120E-002
  1.5028928311339626E+001  1.5028928311339626E+001    4880   4880   1.9999999999999998E-002 0.0000000000000000E+000   2.7199764612374792E-002  5.4274521279688379E-002  6.0708737881032766E-002
  1.5059263548896668E+001  1.5059263548896668E+001    4890   4890   1.9999999999999998E-002 0.0000000000000000E+000   2.7174440556036199E-002  5.4339579804173299E-002  6.0755577133524649E-002
  1.5089375580315573E+001  1.5089375580315573E+001    4900   4900   1.9999999999999998E-002 0.0000000000000000E+000   2.7148620044746309E-002  5.4432165698596284E-002  6.0826870977993294E-002
  1.5119478448904946E+001  1.5119478448904946E+001    4910   4910   1.9999999999999998E-002 0.0000000000000000E+000   2.7134268368500995E-002  5.4490930814340536E-002  6.0873065151239762E-002
  1.5149783517481621E+001  1.5149783517481621E+001    4920   4920   1.9999999999999998E-002 0.0000000000000000E+000   2.7134818724919274E-002  5.4497171635032515E-002  6.0878897028875460E-002
  1.5180472317971149E+001  1.5180472317971149E+001    4930   4930   1.9999999999999998E-002 0.0000000000000000E+000   2.7134328775734068E-002  5.4453732436685617E-002  6.0839795975954569E-002
  1.5211562517230170E+001  1.5211562517230170E+001    4940   4940   1.9999999999999998E-002 0.0000000000000000E+000   2.7118968739475572E-002  5.4411852231682660E-002  6.0795461415924156E-002
  1.5242429061019215E+001  1.5242429061019215E+001    4950   4950   1.9999999999999998E-002 0.0000000000000000E+000   2.7093027179222342E-002  5.4439106735514632E-002  6.0808292723072199E-002
  1.5273015271945274E+001  1.5273015271945274E+001    4960   4960   1.9999999999999998E-002 0.0000000000000000E+000   2.7068086582863042E-002  5.4530656350577331E-002  6.0879173723713844E-002
  1.5303439284308053E+001  1.5303439284308053E+001    4970   4970   1.9999999999999998E-002 0.0000000000000000E+000   2.7045082840540679E-002  5.4607487659764188E-002  6.0937789706905238E-002
  1.5333845720146534E+001  1.5333845720146534E+001    4980   4980   1.9999999999999998E-002 0.0000000000000000E+000   2.7036100130619273E-002  5.4636066637401032E-002  6.0959416728503867E-002
  1.5364380444316458E+001  1.5364380444316458E+001    4990   4990   1.9999999999999998E-002 0.0000000000000000E+000   2.7031743871240503E-002  5.4608598008641751E-002  6.0932865952536490E-002
  1.5395167664685951E+001  1.5395167664685951E+001    5000   5000   1.9999999999999998E-002 0.0000000000000000E+000   2.7018333800782912E-002  5.4558144257423180E-002  6.0881700585515243E-002
