# 01:time 02:total_time 03:iteration 04:total_iteration 05:X 06:Y 007:Z
 0.0000000000000000E+000 0.0000000000000000E+000       0      0   1.9999999999999998E-002 0.0000000000000000E+000  1.0000000000000000E+000
  1.7938510864529466E-002  1.7938510864529466E-002      10     10   1.9999999999999998E-002 0.0000000000000000E+000  9.9999952390829189E-001
  4.6540436169914354E-002  4.6540436169914354E-002      20     20   1.9999999999999998E-002 0.0000000000000000E+000  9.9999952336044177E-001
  7.5376347378310910E-002  7.5376347378310910E-002      30     30   1.9999999999999998E-002 0.0000000000000000E+000  9.9999833636443664E-001
  1.0258117864846492E-001  1.0258117864846492E-001      40     40   1.9999999999999998E-002 0.0000000000000000E+000  1.0001682291833811E+000
  1.2960307767380041E-001  1.2960307767380041E-001      50     50   1.9999999999999998E-002 0.0000000000000000E+000  9.9974610492741948E-001
  1.5749992707448690E-001  1.5749992707448690E-001      60     60   1.9999999999999998E-002 0.0000000000000000E+000  9.9509789326822843E-001
  1.8634864772322830E-001  1.8634864772322830E-001      70     70   1.9999999999999998E-002 0.0000000000000000E+000  9.8292616060532633E-001
  2.1599439733745131E-001  2.1599439733745131E-001      80     80   1.9999999999999998E-002 0.0000000000000000E+000  9.6420224367902882E-001
  2.4582443465822607E-001  2.4582443465822607E-001      90     90   1.9999999999999998E-002 0.0000000000000000E+000  9.4267905797655551E-001
  2.7583405656174031E-001  2.7583405656174031E-001     100    100   1.9999999999999998E-002 0.0000000000000000E+000  9.2079340993359721E-001
  3.0603291407226986E-001  3.0603291407226986E-001     110    110   1.9999999999999998E-002 0.0000000000000000E+000  9.0000066278870782E-001
  3.3642268819009069E-001  3.3642268819009069E-001     120    120   1.9999999999999998E-002 0.0000000000000000E+000  8.8122111574940547E-001
  3.6699825285376026E-001  3.6699825285376026E-001     130    130   1.9999999999999998E-002 0.0000000000000000E+000  8.6488629822519023E-001
  3.9769102381425200E-001  3.9769102381425200E-001     140    140   1.9999999999999998E-002 0.0000000000000000E+000  8.5105506489917388E-001
  4.2847023746856489E-001  4.2847023746856489E-001     150    150   1.9999999999999998E-002 0.0000000000000000E+000  8.3951947337493351E-001
  4.5933511780304590E-001  4.5933511780304590E-001     160    160   1.9999999999999998E-002 0.0000000000000000E+000  8.2996535037237890E-001
  4.9028368698366602E-001  4.9028368698366602E-001     170    170   1.9999999999999998E-002 0.0000000000000000E+000  8.2206846772964965E-001
  5.2131300323688076E-001  5.2131300323688076E-001     180    180   1.9999999999999998E-002 0.0000000000000000E+000  8.1552784257921295E-001
  5.5241931963130195E-001  5.5241931963130195E-001     190    190   1.9999999999999998E-002 0.0000000000000000E+000  8.1008061930362789E-001
  5.8359815749409058E-001  5.8359815749409058E-001     200    200   1.9999999999999998E-002 0.0000000000000000E+000  8.0550901622423225E-001
  6.1484422678117809E-001  6.1484422678117809E-001     210    210   1.9999999999999998E-002 0.0000000000000000E+000  8.0163997355462406E-001
  6.4615092377297624E-001  6.4615092377297624E-001     220    220   1.9999999999999998E-002 0.0000000000000000E+000  7.9833914333402669E-001
  6.7750979095475818E-001  6.7750979095475818E-001     230    230   1.9999999999999998E-002 0.0000000000000000E+000  7.9550251818994883E-001
  7.0891161338693544E-001  7.0891161338693544E-001     240    240   1.9999999999999998E-002 0.0000000000000000E+000  7.9304843707840539E-001
  7.4034952915799543E-001  7.4034952915799543E-001     250    250   1.9999999999999998E-002 0.0000000000000000E+000  7.9091122413055003E-001
  7.7182080390241250E-001  7.7182080390241250E-001     260    260   1.9999999999999998E-002 0.0000000000000000E+000  7.8903690741833756E-001
  8.0332480168193391E-001  8.0332480168193391E-001     270    270   1.9999999999999998E-002 0.0000000000000000E+000  7.8738054267898016E-001
  8.3486022318965815E-001  8.3486022318965815E-001     280    280   1.9999999999999998E-002 0.0000000000000000E+000  7.8590437013155440E-001
  8.6642502215709438E-001  8.6642502215709438E-001     290    290   1.9999999999999998E-002 0.0000000000000000E+000  7.8457636638146617E-001
  8.9801751542614507E-001  8.9801751542614507E-001     300    300   1.9999999999999998E-002 0.0000000000000000E+000  7.8336914332118601E-001
  9.2963641990341798E-001  9.2963641990341798E-001     310    310   1.9999999999999998E-002 0.0000000000000000E+000  7.8225910755662280E-001
  9.6128044439847375E-001  9.6128044439847375E-001     320    320   1.9999999999999998E-002 0.0000000000000000E+000  7.8122578189949587E-001
  9.9294834175721788E-001  9.9294834175721788E-001     330    330   1.9999999999999998E-002 0.0000000000000000E+000  7.8025130872349759E-001
  1.0246390002544900E+000  1.0246390002544900E+000     340    340   1.9999999999999998E-002 0.0000000000000000E+000  7.7932010952554815E-001
  1.0563513191119755E+000  1.0563513191119755E+000     350    350   1.9999999999999998E-002 0.0000000000000000E+000  7.7841867476028916E-001
  1.0880841365626616E+000  1.0880841365626616E+000     360    360   1.9999999999999998E-002 0.0000000000000000E+000  7.7753553443027900E-001
  1.1198362559333920E+000  1.1198362559333920E+000     370    370   1.9999999999999998E-002 0.0000000000000000E+000  7.7666119060439431E-001
  1.1516064505913583E+000  1.1516064505913583E+000     380    380   1.9999999999999998E-002 0.0000000000000000E+000  7.7578807132984151E-001
  1.1833934694661887E+000  1.1833934694661887E+000     390    390   1.9999999999999998E-002 0.0000000000000000E+000  7.7491033208667481E-001
  1.2151960883614543E+000  1.2151960883614543E+000     400    400   1.9999999999999998E-002 0.0000000000000000E+000  7.7402359285113124E-001
  1.2470131760826095E+000  1.2470131760826095E+000     410    410   1.9999999999999998E-002 0.0000000000000000E+000  7.7312461601498476E-001
  1.2788437450123186E+000  1.2788437450123186E+000     420    420   1.9999999999999998E-002 0.0000000000000000E+000  7.7221102391079723E-001
  1.3106869875861439E+000  1.3106869875861439E+000     430    430   1.9999999999999998E-002 0.0000000000000000E+000  7.7128117312291752E-001
  1.3425423019333566E+000  1.3425423019333566E+000     440    440   1.9999999999999998E-002 0.0000000000000000E+000  7.7033417839952145E-001
  1.3744092995964323E+000  1.3744092995964323E+000     450    450   1.9999999999999998E-002 0.0000000000000000E+000  7.6937002793612840E-001
  1.4062877868575165E+000  1.4062877868575165E+000     460    460   1.9999999999999998E-002 0.0000000000000000E+000  7.6838961308744764E-001
  1.4381777165625637E+000  1.4381777165625637E+000     470    470   1.9999999999999998E-002 0.0000000000000000E+000  7.6739452928871623E-001
  1.4700791159309051E+000  1.4700791159309051E+000     480    480   1.9999999999999998E-002 0.0000000000000000E+000  7.6638675421533903E-001
  1.5019919994113408E+000  1.5019919994113408E+000     490    490   1.9999999999999998E-002 0.0000000000000000E+000  7.6536828006868056E-001
  1.5339162794352878E+000  1.5339162794352878E+000     500    500   1.9999999999999998E-002 0.0000000000000000E+000  7.6434102437292681E-001
  1.5658516878701576E+000  1.5658516878701576E+000     510    510   1.9999999999999998E-002 0.0000000000000000E+000  7.6330709601822839E-001
  1.5977977207034930E+000  1.5977977207034930E+000     520    520   1.9999999999999998E-002 0.0000000000000000E+000  7.6226932293734055E-001
  1.6297536176023399E+000  1.6297536176023399E+000     530    530   1.9999999999999998E-002 0.0000000000000000E+000  7.6123167711786310E-001
  1.6617183853056332E+000  1.6617183853056332E+000     540    540   1.9999999999999998E-002 0.0000000000000000E+000  7.6019917161024972E-001
  1.6936908666824450E+000  1.6936908666824450E+000     550    550   1.9999999999999998E-002 0.0000000000000000E+000  7.5917699944031795E-001
  1.7256698493442930E+000  1.7256698493442930E+000     560    560   1.9999999999999998E-002 0.0000000000000000E+000  7.5816915652682386E-001
  1.7576541998158616E+000  1.7576541998158616E+000     570    570   1.9999999999999998E-002 0.0000000000000000E+000  7.5717718951081112E-001
  1.7896430040793720E+000  1.7896430040793720E+000     580    580   1.9999999999999998E-002 0.0000000000000000E+000  7.5619982606421354E-001
  1.8216356929703447E+000  1.8216356929703447E+000     590    590   1.9999999999999998E-002 0.0000000000000000E+000  7.5523396921258125E-001
  1.8536321303592071E+000  1.8536321303592071E+000     600    600   1.9999999999999998E-002 0.0000000000000000E+000  7.5427659844675831E-001
  1.8856326448198348E+000  1.8856326448198348E+000     610    610   1.9999999999999998E-002 0.0000000000000000E+000  7.5332670819095461E-001
  1.9176379916583488E+000  1.9176379916583488E+000     620    620   1.9999999999999998E-002 0.0000000000000000E+000  7.5238599728505946E-001
  1.9496492414941082E+000  1.9496492414941082E+000     630    630   1.9999999999999998E-002 0.0000000000000000E+000  7.5145767029821914E-001
  1.9816676047293462E+000  1.9816676047293462E+000     640    640   1.9999999999999998E-002 0.0000000000000000E+000  7.5054383100466184E-001
  2.0136942129793165E+000  2.0136942129793165E+000     650    650   1.9999999999999998E-002 0.0000000000000000E+000  7.4964302492955230E-001
  2.0457298874213130E+000  2.0457298874213130E+000     660    660   1.9999999999999998E-002 0.0000000000000000E+000  7.4874986957116185E-001
  2.0777749282091355E+000  2.0777749282091355E+000     670    670   1.9999999999999998E-002 0.0000000000000000E+000  7.4785778636879873E-001
  2.1098289597710402E+000  2.1098289597710402E+000     680    680   1.9999999999999998E-002 0.0000000000000000E+000  7.4696394356274700E-001
  2.1418908630793080E+000  2.1418908630793080E+000     690    690   1.9999999999999998E-002 0.0000000000000000E+000  7.4607378771720220E-001
  2.1739588184222502E+000  2.1739588184222502E+000     700    700   1.9999999999999998E-002 0.0000000000000000E+000  7.4520169586264861E-001
  2.2060304681974396E+000  2.2060304681974396E+000     710    710   1.9999999999999998E-002 0.0000000000000000E+000  7.4436602417691570E-001
  2.2381031913996789E+000  2.2381031913996789E+000     720    720   1.9999999999999998E-002 0.0000000000000000E+000  7.4357989239344259E-001
  2.2701744600311943E+000  2.2701744600311943E+000     730    730   1.9999999999999998E-002 0.0000000000000000E+000  7.4284231592525360E-001
  2.3022422289133701E+000  2.3022422289133701E+000     740    740   1.9999999999999998E-002 0.0000000000000000E+000  7.4213541679140142E-001
  2.3343052996781468E+000  2.3343052996781468E+000     750    750   1.9999999999999998E-002 0.0000000000000000E+000  7.4143092241650974E-001
  2.3663635945808381E+000  2.3663635945808381E+000     760    760   1.9999999999999998E-002 0.0000000000000000E+000  7.4070437018321468E-001
  2.3984182848783581E+000  2.3984182848783581E+000     770    770   1.9999999999999998E-002 0.0000000000000000E+000  7.3994996836780080E-001
  2.4304717355660643E+000  2.4304717355660643E+000     780    780   1.9999999999999998E-002 0.0000000000000000E+000  7.3918660669067746E-001
  2.4625272524003736E+000  2.4625272524003736E+000     790    790   1.9999999999999998E-002 0.0000000000000000E+000  7.3844861189285229E-001
  2.4945886463555795E+000  2.4945886463555795E+000     800    800   1.9999999999999998E-002 0.0000000000000000E+000  7.3776350841233275E-001
  2.5266596577429369E+000  2.5266596577429369E+000     810    810   1.9999999999999998E-002 0.0000000000000000E+000  7.3712833658299956E-001
  2.5587433078158081E+000  2.5587433078158081E+000     820    820   1.9999999999999998E-002 0.0000000000000000E+000  7.3650013217861349E-001
  2.5908412660772852E+000  2.5908412660772852E+000     830    830   1.9999999999999998E-002 0.0000000000000000E+000  7.3581142956905161E-001
  2.6229533327214231E+000  2.6229533327214231E+000     840    840   1.9999999999999998E-002 0.0000000000000000E+000  7.3500896665346786E-001
  2.6550771363602425E+000  2.6550771363602425E+000     850    850   1.9999999999999998E-002 0.0000000000000000E+000  7.3409737146969362E-001
  2.6872081326570529E+000  2.6872081326570529E+000     860    860   1.9999999999999998E-002 0.0000000000000000E+000  7.3315838446590175E-001
  2.7193399562221856E+000  2.7193399562221856E+000     870    870   1.9999999999999998E-002 0.0000000000000000E+000  7.3232304455998136E-001
  2.7514651263664506E+000  2.7514651263664506E+000     880    880   1.9999999999999998E-002 0.0000000000000000E+000  7.3170228312825269E-001
  2.7835760431976463E+000  2.7835760431976463E+000     890    890   1.9999999999999998E-002 0.0000000000000000E+000  7.3131187954866767E-001
  2.8156661455863476E+000  2.8156661455863476E+000     900    900   1.9999999999999998E-002 0.0000000000000000E+000  7.3103719861896738E-001
  2.8477310531489843E+000  2.8477310531489843E+000     910    910   1.9999999999999998E-002 0.0000000000000000E+000  7.3066819120618440E-001
  2.8797694935020711E+000  2.8797694935020711E+000     920    920   1.9999999999999998E-002 0.0000000000000000E+000  7.3000525041929531E-001
  2.9117838320840530E+000  2.9117838320840530E+000     930    930   1.9999999999999998E-002 0.0000000000000000E+000  7.2899370864581864E-001
  2.9437800715439328E+000  2.9437800715439328E+000     940    940   1.9999999999999998E-002 0.0000000000000000E+000  7.2779968280083773E-001
  2.9757672603692100E+000  2.9757672603692100E+000     950    950   1.9999999999999998E-002 0.0000000000000000E+000  7.2674527304417253E-001
  3.0077563308100772E+000  3.0077563308100772E+000     960    960   1.9999999999999998E-002 0.0000000000000000E+000  7.2611466535690762E-001
  3.0397584629986380E+000  3.0397584629986380E+000     970    970   1.9999999999999998E-002 0.0000000000000000E+000  7.2594489983546672E-001
  3.0717831381049376E+000  3.0717831381049376E+000     980    980   1.9999999999999998E-002 0.0000000000000000E+000  7.2592505027127742E-001
  3.1038361072814355E+000  3.1038361072814355E+000     990    990   1.9999999999999998E-002 0.0000000000000000E+000  7.2548384503084690E-001
  3.1359175713902627E+000  3.1359175713902627E+000    1000   1000   1.9999999999999998E-002 0.0000000000000000E+000  7.2410753492634238E-001
  3.1680209328017689E+000  3.1680209328017689E+000    1010   1010   1.9999999999999998E-002 0.0000000000000000E+000  7.2179166330631394E-001
  3.2001325125401804E+000  3.2001325125401804E+000    1020   1020   1.9999999999999998E-002 0.0000000000000000E+000  7.1924150107039288E-001
  3.2322325640972104E+000  3.2322325640972104E+000    1030   1030   1.9999999999999998E-002 0.0000000000000000E+000  7.1748162803661097E-001
  3.2642977188099218E+000  3.2642977188099218E+000    1040   1040   1.9999999999999998E-002 0.0000000000000000E+000  7.1717356272972976E-001
  3.2963046687533834E+000  3.2963046687533834E+000    1050   1050   1.9999999999999998E-002 0.0000000000000000E+000  7.1817448896241060E-001
  3.3282345128186046E+000  3.3282345128186046E+000    1060   1060   1.9999999999999998E-002 0.0000000000000000E+000  7.1945352580550352E-001
  3.3600769026865644E+000  3.3600769026865644E+000    1070   1070   1.9999999999999998E-002 0.0000000000000000E+000  7.1942989933720147E-001
  3.3918330365027973E+000  3.3918330365027973E+000    1080   1080   1.9999999999999998E-002 0.0000000000000000E+000  7.1703010208544473E-001
  3.4235167216516662E+000  3.4235167216516662E+000    1090   1090   1.9999999999999998E-002 0.0000000000000000E+000  7.1302836362669905E-001
  3.4551531287546830E+000  3.4551531287546830E+000    1100   1100   1.9999999999999998E-002 0.0000000000000000E+000  7.0970123065755412E-001
  3.4867753121515834E+000  3.4867753121515834E+000    1110   1110   1.9999999999999998E-002 0.0000000000000000E+000  7.0877785692558585E-001
  3.5184189141902320E+000  3.5184189141902320E+000    1120   1120   1.9999999999999998E-002 0.0000000000000000E+000  7.1045346221481553E-001
  3.5501156664200537E+000  3.5501156664200537E+000    1130   1130   1.9999999999999998E-002 0.0000000000000000E+000  7.1334944626986231E-001
  3.5818864538270815E+000  3.5818864538270815E+000    1140   1140   1.9999999999999998E-002 0.0000000000000000E+000  7.1440686900571837E-001
  3.6137349958136093E+000  3.6137349958136093E+000    1150   1150   1.9999999999999998E-002 0.0000000000000000E+000  7.1078487363303626E-001
  3.6456436844966217E+000  3.6456436844966217E+000    1160   1160   1.9999999999999998E-002 0.0000000000000000E+000  7.0468436630970066E-001
  3.6775735161908449E+000  3.6775735161908449E+000    1170   1170   1.9999999999999998E-002 0.0000000000000000E+000  7.0139931253179534E-001
  3.7094696840740897E+000  3.7094696840740897E+000    1180   1180   1.9999999999999998E-002 0.0000000000000000E+000  7.0180220477678521E-001
  3.7412727725445980E+000  3.7412727725445980E+000    1190   1190   1.9999999999999998E-002 0.0000000000000000E+000  7.0521611718910506E-001
  3.7729330520782626E+000  3.7729330520782626E+000    1200   1200   1.9999999999999998E-002 0.0000000000000000E+000  7.1071702682880966E-001
  3.8044236007326288E+000  3.8044236007326288E+000    1210   1210   1.9999999999999998E-002 0.0000000000000000E+000  7.1356239313771716E-001
  3.8357481440598860E+000  3.8357481440598860E+000    1220   1220   1.9999999999999998E-002 0.0000000000000000E+000  7.0908871862793549E-001
  3.8669415262847337E+000  3.8669415262847337E+000    1230   1230   1.9999999999999998E-002 0.0000000000000000E+000  7.0465772228747045E-001
  3.8980632734660902E+000  3.8980632734660902E+000    1240   1240   1.9999999999999998E-002 0.0000000000000000E+000  7.0715720786357643E-001
  3.9291864589528504E+000  3.9291864589528504E+000    1250   1250   1.9999999999999998E-002 0.0000000000000000E+000  7.1017080689848279E-001
  3.9603843707210035E+000  3.9603843707210035E+000    1260   1260   1.9999999999999998E-002 0.0000000000000000E+000  7.1405902308158957E-001
  3.9917166319919857E+000  3.9917166319919857E+000    1270   1270   1.9999999999999998E-002 0.0000000000000000E+000  7.2028519405069708E-001
  4.0231590776486010E+000  4.0231590776486010E+000    1280   1280   1.9999999999999998E-002 0.0000000000000000E+000  7.2003718870551081E-001
  4.0544187532286439E+000  4.0544187532286439E+000    1290   1290   1.9999999999999998E-002 0.0000000000000000E+000  7.1237192490495822E-001
  4.0855541423337555E+000  4.0855541423337555E+000    1300   1300   1.9999999999999998E-002 0.0000000000000000E+000  7.1953578988535804E-001
  4.1167026211461008E+000  4.1167026211461008E+000    1310   1310   1.9999999999999998E-002 0.0000000000000000E+000  7.2685094638529808E-001
  4.1479979253384993E+000  4.1479979253384993E+000    1320   1320   1.9999999999999998E-002 0.0000000000000000E+000  7.2269193302216381E-001
  4.1794861984312943E+000  4.1794861984312943E+000    1330   1330   1.9999999999999998E-002 0.0000000000000000E+000  7.2557720591451424E-001
  4.2108097097566545E+000  4.2108097097566545E+000    1340   1340   1.9999999999999998E-002 0.0000000000000000E+000  7.3509625796767297E-001
  4.2418957412098956E+000  4.2418957412098956E+000    1350   1350   1.9999999999999998E-002 0.0000000000000000E+000  7.3117860823489690E-001
  4.2727880268353084E+000  4.2727880268353084E+000    1360   1360   1.9999999999999998E-002 0.0000000000000000E+000  7.2972821399166454E-001
  4.3035694070959511E+000  4.3035694070959511E+000    1370   1370   1.9999999999999998E-002 0.0000000000000000E+000  7.4869803706703628E-001
  4.3343435740358255E+000  4.3343435740358255E+000    1380   1380   1.9999999999999998E-002 0.0000000000000000E+000  7.4431325215183941E-001
  4.3652158110681220E+000  4.3652158110681220E+000    1390   1390   1.9999999999999998E-002 0.0000000000000000E+000  7.3397891685234046E-001
  4.3962745031994536E+000  4.3962745031994536E+000    1400   1400   1.9999999999999998E-002 0.0000000000000000E+000  7.4299723549268135E-001
  4.4273661244808586E+000  4.4273661244808586E+000    1410   1410   1.9999999999999998E-002 0.0000000000000000E+000  7.5149816650411649E-001
  4.4581568236971511E+000  4.4581568236971511E+000    1420   1420   1.9999999999999998E-002 0.0000000000000000E+000  7.4151616640479272E-001
  4.4887848914605443E+000  4.4887848914605443E+000    1430   1430   1.9999999999999998E-002 0.0000000000000000E+000  7.6447039478594707E-001
  4.5194251930963096E+000  4.5194251930963096E+000    1440   1440   1.9999999999999998E-002 0.0000000000000000E+000  7.6796289012249445E-001
  4.5502484982806850E+000  4.5502484982806850E+000    1450   1450   1.9999999999999998E-002 0.0000000000000000E+000  7.3732700024332986E-001
  4.5813952979780090E+000  4.5813952979780090E+000    1460   1460   1.9999999999999998E-002 0.0000000000000000E+000  7.2996938132590383E-001
  4.6126343777389804E+000  4.6126343777389804E+000    1470   1470   1.9999999999999998E-002 0.0000000000000000E+000  7.5345415954500358E-001
  4.6435875242018163E+000  4.6435875242018163E+000    1480   1480   1.9999999999999998E-002 0.0000000000000000E+000  7.5989988271211519E-001
  4.6743091463333978E+000  4.6743091463333978E+000    1490   1490   1.9999999999999998E-002 0.0000000000000000E+000  7.6490094333601668E-001
  4.7049009630091847E+000  4.7049009630091847E+000    1500   1500   1.9999999999999998E-002 0.0000000000000000E+000  7.9083445831144398E-001
  4.7354875435675243E+000  4.7354875435675243E+000    1510   1510   1.9999999999999998E-002 0.0000000000000000E+000  7.6248537700456999E-001
  4.7661939015060763E+000  4.7661939015060763E+000    1520   1520   1.9999999999999998E-002 0.0000000000000000E+000  7.3224961160830090E-001
  4.7971247088976411E+000  4.7971247088976411E+000    1530   1530   1.9999999999999998E-002 0.0000000000000000E+000  7.4599849512922258E-001
  4.8279836955559671E+000  4.8279836955559671E+000    1540   1540   1.9999999999999998E-002 0.0000000000000000E+000  7.7141431906809989E-001
  4.8584990447992399E+000  4.8584990447992399E+000    1550   1550   1.9999999999999998E-002 0.0000000000000000E+000  7.6756231590723720E-001
  4.8888443319203078E+000  4.8888443319203078E+000    1560   1560   1.9999999999999998E-002 0.0000000000000000E+000  8.0130419464345070E-001
  4.9192164056777887E+000  4.9192164056777887E+000    1570   1570   1.9999999999999998E-002 0.0000000000000000E+000  7.8766321150910858E-001
  4.9498052516521440E+000  4.9498052516521440E+000    1580   1580   1.9999999999999998E-002 0.0000000000000000E+000  7.3489381616057558E-001
  4.9807670743415251E+000  4.9807670743415251E+000    1590   1590   1.9999999999999998E-002 0.0000000000000000E+000  7.2097656301279826E-001
  5.0119322836029116E+000  5.0119322836029116E+000    1600   1600   1.9999999999999998E-002 0.0000000000000000E+000  7.5738293387760391E-001
  5.0427999908633909E+000  5.0427999908633909E+000    1610   1610   1.9999999999999998E-002 0.0000000000000000E+000  7.7581658395610864E-001
  5.0734220545314396E+000  5.0734220545314396E+000    1620   1620   1.9999999999999998E-002 0.0000000000000000E+000  7.9179560865548204E-001
  5.1039135951638918E+000  5.1039135951638918E+000    1630   1630   1.9999999999999998E-002 0.0000000000000000E+000  8.1193942216714951E-001
  5.1344113359545797E+000  5.1344113359545797E+000    1640   1640   1.9999999999999998E-002 0.0000000000000000E+000  7.6386690661772203E-001
  5.1650500146799762E+000  5.1650500146799762E+000    1650   1650   1.9999999999999998E-002 0.0000000000000000E+000  7.2413420198677442E-001
  5.1959329234224513E+000  5.1959329234224513E+000    1660   1660   1.9999999999999998E-002 0.0000000000000000E+000  7.4397664324554835E-001
  5.2266363103439470E+000  5.2266363103439470E+000    1670   1670   1.9999999999999998E-002 0.0000000000000000E+000  7.8034861436018427E-001
  5.2569943307473909E+000  5.2569943307473909E+000    1680   1680   1.9999999999999998E-002 0.0000000000000000E+000  7.8446517984366099E-001
  5.2871954988399787E+000  5.2871954988399787E+000    1690   1690   1.9999999999999998E-002 0.0000000000000000E+000  8.2187604498462896E-001
  5.3174476719545307E+000  5.3174476719545307E+000    1700   1700   1.9999999999999998E-002 0.0000000000000000E+000  7.9096626531098124E-001
  5.3479484206990335E+000  5.3479484206990335E+000    1710   1710   1.9999999999999998E-002 0.0000000000000000E+000  7.2814925274716717E-001
  5.3788576988450884E+000  5.3788576988450884E+000    1720   1720   1.9999999999999998E-002 0.0000000000000000E+000  7.1569988922014484E-001
  5.4099714728115086E+000  5.4099714728115086E+000    1730   1730   1.9999999999999998E-002 0.0000000000000000E+000  7.6107760006534057E-001
  5.4407752702957985E+000  5.4407752702957985E+000    1740   1740   1.9999999999999998E-002 0.0000000000000000E+000  7.8383537454553575E-001
  5.4713353009689589E+000  5.4713353009689589E+000    1750   1750   1.9999999999999998E-002 0.0000000000000000E+000  8.0977549782224720E-001
  5.5017757832970719E+000  5.5017757832970719E+000    1760   1760   1.9999999999999998E-002 0.0000000000000000E+000  8.1785280518114067E-001
  5.5322397901560247E+000  5.5322397901560247E+000    1770   1770   1.9999999999999998E-002 0.0000000000000000E+000  7.5824668616189132E-001
  5.5628654092439724E+000  5.5628654092439724E+000    1780   1780   1.9999999999999998E-002 0.0000000000000000E+000  7.1863768963190057E-001
  5.5937278064379798E+000  5.5937278064379798E+000    1790   1790   1.9999999999999998E-002 0.0000000000000000E+000  7.4626596338478057E-001
  5.6243240160418279E+000  5.6243240160418279E+000    1800   1800   1.9999999999999998E-002 0.0000000000000000E+000  7.8564272923902223E-001
  5.6545894079545035E+000  5.6545894079545035E+000    1810   1810   1.9999999999999998E-002 0.0000000000000000E+000  7.9625524136871641E-001
  5.6847218725271098E+000  5.6847218725271098E+000    1820   1820   1.9999999999999998E-002 0.0000000000000000E+000  8.3078647504489726E-001
  5.7149341557268913E+000  5.7149341557268913E+000    1830   1830   1.9999999999999998E-002 0.0000000000000000E+000  7.8598562396445359E-001
  5.7454250126587842E+000  5.7454250126587842E+000    1840   1840   1.9999999999999998E-002 0.0000000000000000E+000  7.2095447422803102E-001
  5.7763513384642584E+000  5.7763513384642584E+000    1850   1850   1.9999999999999998E-002 0.0000000000000000E+000  7.1580286064981732E-001
  5.8074206871245639E+000  5.8074206871245639E+000    1860   1860   1.9999999999999998E-002 0.0000000000000000E+000  7.6708945744187158E-001
  5.8381711075923510E+000  5.8381711075923510E+000    1870   1870   1.9999999999999998E-002 0.0000000000000000E+000  7.8849694961713989E-001
  5.8686883679472936E+000  5.8686883679472936E+000    1880   1880   1.9999999999999998E-002 0.0000000000000000E+000  8.2162728765696702E-001
  5.8991031428194480E+000  5.8991031428194480E+000    1890   1890   1.9999999999999998E-002 0.0000000000000000E+000  8.1555294240566365E-001
  5.9295615998060950E+000  5.9295615998060950E+000    1900   1900   1.9999999999999998E-002 0.0000000000000000E+000  7.5001308752229647E-001
  5.9602016872948562E+000  5.9602016872948562E+000    1910   1910   1.9999999999999998E-002 0.0000000000000000E+000  7.1633424664318461E-001
  5.9910493893692606E+000  5.9910493893692606E+000    1920   1920   1.9999999999999998E-002 0.0000000000000000E+000  7.5215900686043770E-001
  6.0215640281197906E+000  6.0215640281197906E+000    1930   1930   1.9999999999999998E-002 0.0000000000000000E+000  7.8897208710061059E-001
  6.0517705687547982E+000  6.0517705687547982E+000    1940   1940   1.9999999999999998E-002 0.0000000000000000E+000  8.0592832955717703E-001
  6.0818731332937092E+000  6.0818731332937092E+000    1950   1950   1.9999999999999998E-002 0.0000000000000000E+000  8.3258176772392396E-001
  6.1120861507576087E+000  6.1120861507576087E+000    1960   1960   1.9999999999999998E-002 0.0000000000000000E+000  7.7711628636326803E-001
  6.1426062224122555E+000  6.1426062224122555E+000    1970   1970   1.9999999999999998E-002 0.0000000000000000E+000  7.1460154994575919E-001
  6.1735834584963669E+000  6.1735834584963669E+000    1980   1980   1.9999999999999998E-002 0.0000000000000000E+000  7.1965112636551031E-001
  6.2046019289159248E+000  6.2046019289159248E+000    1990   1990   1.9999999999999998E-002 0.0000000000000000E+000  7.7383933927517816E-001
  6.2353055473470933E+000  6.2353055473470933E+000    2000   2000   1.9999999999999998E-002 0.0000000000000000E+000  7.9207483066241488E-001
  6.2657910577560071E+000  6.2657910577560071E+000    2010   2010   1.9999999999999998E-002 0.0000000000000000E+000  8.2927535566704388E-001
  6.2961939714069732E+000  6.2961939714069732E+000    2020   2020   1.9999999999999998E-002 0.0000000000000000E+000  8.0897258966792389E-001
  6.3266617297721845E+000  6.3266617297721845E+000    2030   2030   1.9999999999999998E-002 0.0000000000000000E+000  7.4123790716014648E-001
  6.3573302407697065E+000  6.3573302407697065E+000    2040   2040   1.9999999999999998E-002 0.0000000000000000E+000  7.1665683669414237E-001
  6.3881544913674357E+000  6.3881544913674357E+000    2050   2050   1.9999999999999998E-002 0.0000000000000000E+000  7.5971428932426618E-001
  6.4186017148585321E+000  6.4186017148585321E+000    2060   2060   1.9999999999999998E-002 0.0000000000000000E+000  7.9079676207358655E-001
  6.4487675207203514E+000  6.4487675207203514E+000    2070   2070   1.9999999999999998E-002 0.0000000000000000E+000  8.1475206813823604E-001
  6.4788604379688221E+000  6.4788604379688221E+000    2080   2080   1.9999999999999998E-002 0.0000000000000000E+000  8.2998176061504302E-001
  6.5090948288214036E+000  6.5090948288214036E+000    2090   2090   1.9999999999999998E-002 0.0000000000000000E+000  7.6660422430732584E-001
  6.5396632943932200E+000  6.5396632943932200E+000    2100   2100   1.9999999999999998E-002 0.0000000000000000E+000  7.0972317221831797E-001
  6.5706911710112914E+000  6.5706911710112914E+000    2110   2110   1.9999999999999998E-002 0.0000000000000000E+000  7.2585327430371604E-001
  6.6016576885291744E+000  6.6016576885291744E+000    2120   2120   1.9999999999999998E-002 0.0000000000000000E+000  7.7989930887434768E-001
  6.6323189843732999E+000  6.6323189843732999E+000    2130   2130   1.9999999999999998E-002 0.0000000000000000E+000  7.9598760647919339E-001
  6.6627796920324886E+000  6.6627796920324886E+000    2140   2140   1.9999999999999998E-002 0.0000000000000000E+000  8.3358896403173492E-001
  6.6931790909559456E+000  6.6931790909559456E+000    2150   2150   1.9999999999999998E-002 0.0000000000000000E+000  8.0011211445686196E-001
  6.7236647740071866E+000  6.7236647740071866E+000    2160   2160   1.9999999999999998E-002 0.0000000000000000E+000  7.3303438456965537E-001
  6.7543694352855014E+000  6.7543694352855014E+000    2170   2170   1.9999999999999998E-002 0.0000000000000000E+000  7.1916355609391064E-001
  6.7851586232424274E+000  6.7851586232424274E+000    2180   2180   1.9999999999999998E-002 0.0000000000000000E+000  7.6758033957992486E-001
  6.8155470343011819E+000  6.8155470343011819E+000    2190   2190   1.9999999999999998E-002 0.0000000000000000E+000  7.9182210105266683E-001
  6.8456828764367845E+000  6.8456828764367845E+000    2200   2200   1.9999999999999998E-002 0.0000000000000000E+000  8.2275785435484714E-001
  6.8757778662115907E+000  6.8757778662115907E+000    2210   2210   1.9999999999999998E-002 0.0000000000000000E+000  8.2442947198079519E-001
  6.9060451874458026E+000  6.9060451874458026E+000    2220   2220   1.9999999999999998E-002 0.0000000000000000E+000  7.5566197564116173E-001
  6.9366722313734765E+000  6.9366722313734765E+000    2230   2230   1.9999999999999998E-002 0.0000000000000000E+000  7.0671576593274210E-001
  6.9677404358571584E+000  6.9677404358571584E+000    2240   2240   1.9999999999999998E-002 0.0000000000000000E+000  7.3361616913880975E-001
  6.9986559348307100E+000  6.9986559348307100E+000    2250   2250   1.9999999999999998E-002 0.0000000000000000E+000  7.8461054070908629E-001
  7.0292780656316082E+000  7.0292780656316082E+000    2260   2260   1.9999999999999998E-002 0.0000000000000000E+000  8.0099347263846674E-001
  7.0597186044684567E+000  7.0597186044684567E+000    2270   2270   1.9999999999999998E-002 0.0000000000000000E+000  8.3490821912353379E-001
  7.0901198202152722E+000  7.0901198202152722E+000    2280   2280   1.9999999999999998E-002 0.0000000000000000E+000  7.9001635811918635E-001
  7.1206286970186578E+000  7.1206286970186578E+000    2290   2290   1.9999999999999998E-002 0.0000000000000000E+000  7.2604106899700315E-001
  7.1513739223767931E+000  7.1513739223767931E+000    2300   2300   1.9999999999999998E-002 0.0000000000000000E+000  7.2359263187024573E-001
  7.1821118512978623E+000  7.1821118512978623E+000    2310   2310   1.9999999999999998E-002 0.0000000000000000E+000  7.7495372024174660E-001
  7.2124478508636862E+000  7.2124478508636862E+000    2320   2320   1.9999999999999998E-002 0.0000000000000000E+000  7.9296420449945408E-001
  7.2425614163783853E+000  7.2425614163783853E+000    2330   2330   1.9999999999999998E-002 0.0000000000000000E+000  8.2944511180802997E-001
  7.2726665105435879E+000  7.2726665105435879E+000    2340   2340   1.9999999999999998E-002 0.0000000000000000E+000  8.1677665054131729E-001
  7.3029743274084131E+000  7.3029743274084131E+000    2350   2350   1.9999999999999998E-002 0.0000000000000000E+000  7.4497010930817975E-001
  7.3336661451282738E+000  7.3336661451282738E+000    2360   2360   1.9999999999999998E-002 0.0000000000000000E+000  7.0570550652509709E-001
  7.3647574997268208E+000  7.3647574997268208E+000    2370   2370   1.9999999999999998E-002 0.0000000000000000E+000  7.4232309236961944E-001
  7.3956235523727169E+000  7.3956235523727169E+000    2380   2380   1.9999999999999998E-002 0.0000000000000000E+000  7.8782236946451948E-001
  7.4262096839678060E+000  7.4262096839678060E+000    2390   2390   1.9999999999999998E-002 0.0000000000000000E+000  8.0722899846275382E-001
  7.4566340964122037E+000  7.4566340964122037E+000    2400   2400   1.9999999999999998E-002 0.0000000000000000E+000  8.3352173123872965E-001
  7.4870413901020382E+000  7.4870413901020382E+000    2410   2410   1.9999999999999998E-002 0.0000000000000000E+000  7.7931815991854307E-001
  7.5175773385667481E+000  7.5175773385667481E+000    2420   2420   1.9999999999999998E-002 0.0000000000000000E+000  7.2056724896906843E-001
  7.5483659977081707E+000  7.5483659977081707E+000    2430   2430   1.9999999999999998E-002 0.0000000000000000E+000  7.2958975096176725E-001
  7.5790380703951081E+000  7.5790380703951081E+000    2440   2440   1.9999999999999998E-002 0.0000000000000000E+000  7.8122696181593953E-001
  7.6093269919684258E+000  7.6093269919684258E+000    2450   2450   1.9999999999999998E-002 0.0000000000000000E+000  7.9508303331365031E-001
  7.6394244272425186E+000  7.6394244272425186E+000    2460   2460   1.9999999999999998E-002 0.0000000000000000E+000  8.3424884613426346E-001
  7.6695458027625642E+000  7.6695458027625642E+000    2470   2470   1.9999999999999998E-002 0.0000000000000000E+000  8.0760310205322927E-001
  7.6998996437353470E+000  7.6998996437353470E+000    2480   2480   1.9999999999999998E-002 0.0000000000000000E+000  7.3497655692012102E-001
  7.7306603168629983E+000  7.7306603168629983E+000    2490   2490   1.9999999999999998E-002 0.0000000000000000E+000  7.0665695630251912E-001
  7.7617572733666175E+000  7.7617572733666175E+000    2500   2500   1.9999999999999998E-002 0.0000000000000000E+000  7.5140078793751019E-001
  7.7925755491171866E+000  7.7925755491171866E+000    2510   2510   1.9999999999999998E-002 0.0000000000000000E+000  7.8976997006993734E-001
  7.8231287234619779E+000  7.8231287234619779E+000    2520   2520   1.9999999999999998E-002 0.0000000000000000E+000  8.1429488100123528E-001
  7.8535407418665794E+000  7.8535407418665794E+000    2530   2530   1.9999999999999998E-002 0.0000000000000000E+000  8.2972170024176055E-001
  7.8839579307740095E+000  7.8839579307740095E+000    2540   2540   1.9999999999999998E-002 0.0000000000000000E+000  7.6846522485752508E-001
  7.9145242964034965E+000  7.9145242964034965E+000    2550   2550   1.9999999999999998E-002 0.0000000000000000E+000  7.1680183482167159E-001
  7.9453436675502953E+000  7.9453436675502953E+000    2560   2560   1.9999999999999998E-002 0.0000000000000000E+000  7.3679783760788142E-001
  7.9759478022080338E+000  7.9759478022080338E+000    2570   2570   1.9999999999999998E-002 0.0000000000000000E+000  7.8602264824921981E-001
  8.0061944197550065E+000  8.0061944197550065E+000    2580   2580   1.9999999999999998E-002 0.0000000000000000E+000  7.9876238314586540E-001
  8.0362811076353644E+000  8.0362811076353644E+000    2590   2590   1.9999999999999998E-002 0.0000000000000000E+000  8.3671322128896541E-001
  8.0664240496027233E+000  8.0664240496027233E+000    2600   2600   1.9999999999999998E-002 0.0000000000000000E+000  7.9733490479113244E-001
  8.0968284659416838E+000  8.0968284659416838E+000    2610   2610   1.9999999999999998E-002 0.0000000000000000E+000  7.2604713046926701E-001
  8.1276610230534611E+000  8.1276610230534611E+000    2620   2620   1.9999999999999998E-002 0.0000000000000000E+000  7.0950928860551769E-001
  8.1587438350038929E+000  8.1587438350038929E+000    2630   2630   1.9999999999999998E-002 0.0000000000000000E+000  7.6034459239609191E-001
  8.1895160490801153E+000  8.1895160490801153E+000    2640   2640   1.9999999999999998E-002 0.0000000000000000E+000  7.9102169973009495E-001
  8.2200391889526720E+000  8.2200391889526720E+000    2650   2650   1.9999999999999998E-002 0.0000000000000000E+000  8.2141587939042217E-001
  8.2504422882282550E+000  8.2504422882282550E+000    2660   2660   1.9999999999999998E-002 0.0000000000000000E+000  8.2383433743470462E-001
  8.2808728300348839E+000  8.2808728300348839E+000    2670   2670   1.9999999999999998E-002 0.0000000000000000E+000  7.5784178687033705E-001
  8.3114725255291901E+000  8.3114725255291901E+000    2680   2680   1.9999999999999998E-002 0.0000000000000000E+000  7.1487236640777780E-001
  8.3423064253028442E+000  8.3423064253028442E+000    2690   2690   1.9999999999999998E-002 0.0000000000000000E+000  7.4486433890734566E-001
  8.3728459903298144E+000  8.3728459903298144E+000    2700   2700   1.9999999999999998E-002 0.0000000000000000E+000  7.8922812535563657E-001
  8.4030550159744343E+000  8.4030550159744343E+000    2710   2710   1.9999999999999998E-002 0.0000000000000000E+000  8.0415135893976632E-001
  8.4331361105752424E+000  8.4331361105752424E+000    2720   2720   1.9999999999999998E-002 0.0000000000000000E+000  8.3663957555201200E-001
  8.4633055517072950E+000  8.4633055517072950E+000    2730   2730   1.9999999999999998E-002 0.0000000000000000E+000  7.8633389523049430E-001
  8.4937646347143456E+000  8.4937646347143456E+000    2740   2740   1.9999999999999998E-002 0.0000000000000000E+000  7.1847882901342359E-001
  8.5246715236290295E+000  8.5246715236290295E+000    2750   2750   1.9999999999999998E-002 0.0000000000000000E+000  7.1413019019750993E-001
  8.5557213878907685E+000  8.5557213878907685E+000    2760   2760   1.9999999999999998E-002 0.0000000000000000E+000  7.6866384980632318E-001
  8.5864494844936931E+000  8.5864494844936931E+000    2770   2770   1.9999999999999998E-002 0.0000000000000000E+000  7.9233737076017778E-001
  8.6169455980825446E+000  8.6169455980825446E+000    2780   2780   1.9999999999999998E-002 0.0000000000000000E+000  8.2770946932402988E-001
  8.6473432156184024E+000  8.6473432156184024E+000    2790   2790   1.9999999999999998E-002 0.0000000000000000E+000  8.1622310133284141E-001
  8.6777904306148574E+000  8.6777904306148574E+000    2800   2800   1.9999999999999998E-002 0.0000000000000000E+000  7.4778627316200747E-001
  8.7084261438529413E+000  8.7084261438529413E+000    2810   2810   1.9999999999999998E-002 0.0000000000000000E+000  7.1481601004475603E-001
  8.7392561632406824E+000  8.7392561632406824E+000    2820   2820   1.9999999999999998E-002 0.0000000000000000E+000  7.5338488351899801E-001
  8.7697347267741498E+000  8.7697347267741498E+000    2830   2830   1.9999999999999998E-002 0.0000000000000000E+000  7.9101342387456448E-001
  8.7999108826004821E+000  8.7999108826004821E+000    2840   2840   1.9999999999999998E-002 0.0000000000000000E+000  8.1092007059221575E-001
  8.8299914071949245E+000  8.8299914071949245E+000    2850   2850   1.9999999999999998E-002 0.0000000000000000E+000  8.3407678007978027E-001
  8.8601920400674529E+000  8.8601920400674529E+000    2860   2860   1.9999999999999998E-002 0.0000000000000000E+000  7.7493906991914451E-001
  8.8907095309247932E+000  8.8907095309247932E+000    2870   2870   1.9999999999999998E-002 0.0000000000000000E+000  7.1251315803553776E-001
  8.9216899735266075E+000  8.9216899735266075E+000    2880   2880   1.9999999999999998E-002 0.0000000000000000E+000  7.2031662869495232E-001
  8.9526897152287840E+000  8.9526897152287840E+000    2890   2890   1.9999999999999998E-002 0.0000000000000000E+000  7.7589956015839796E-001
  8.9833758339564955E+000  8.9833758339564955E+000    2900   2900   1.9999999999999998E-002 0.0000000000000000E+000  7.9448191371451812E-001
  9.0138480057125036E+000  9.0138480057125036E+000    2910   2910   1.9999999999999998E-002 0.0000000000000000E+000  8.3238505599603467E-001
  9.0442435518601378E+000  9.0442435518601378E+000    2920   2920   1.9999999999999998E-002 0.0000000000000000E+000  8.0726111333668608E-001
  9.0747106440094498E+000  9.0747106440094498E+000    2930   2930   1.9999999999999998E-002 0.0000000000000000E+000  7.3861931650622807E-001
  9.1053848588889820E+000  9.1053848588889820E+000    2940   2940   1.9999999999999998E-002 0.0000000000000000E+000  7.1660384934404008E-001
  9.1361947643321634E+000  9.1361947643321634E+000    2950   2950   1.9999999999999998E-002 0.0000000000000000E+000  7.6191700431421294E-001
  9.1666160740264253E+000  9.1666160740264253E+000    2960   2960   1.9999999999999998E-002 0.0000000000000000E+000  7.9185280663990713E-001
  9.1967641093981864E+000  9.1967641093981864E+000    2970   2970   1.9999999999999998E-002 0.0000000000000000E+000  8.1834321418748388E-001
  9.2268490090057149E+000  9.2268490090057149E+000    2980   2980   1.9999999999999998E-002 0.0000000000000000E+000  8.2924369617115090E-001
  9.2570853606887837E+000  9.2570853606887837E+000    2990   2990   1.9999999999999998E-002 0.0000000000000000E+000  7.6347697567788133E-001
  9.2876647332090573E+000  9.2876647332090573E+000    3000   3000   1.9999999999999998E-002 0.0000000000000000E+000  7.0833297267559274E-001
  9.3187024562563021E+000  9.3187024562563021E+000    3010   3010   1.9999999999999998E-002 0.0000000000000000E+000  7.2778717856242236E-001
  9.3496511383950657E+000  9.3496511383950657E+000    3020   3020   1.9999999999999998E-002 0.0000000000000000E+000  7.8170525546303633E-001
  9.3802975754733335E+000  9.3802975754733335E+000    3030   3030   1.9999999999999998E-002 0.0000000000000000E+000  7.9801980847572862E-001
  9.4107489488969928E+000  9.4107489488969928E+000    3040   3040   1.9999999999999998E-002 0.0000000000000000E+000  8.3489398669986272E-001
  9.4411458123861695E+000  9.4411458123861695E+000    3050   3050   1.9999999999999998E-002 0.0000000000000000E+000  7.9730692210248310E-001
  9.4716358937698981E+000  9.4716358937698981E+000    3060   3060   1.9999999999999998E-002 0.0000000000000000E+000  7.3062614031962747E-001
  9.5023509269105677E+000  9.5023509269105677E+000    3070   3070   1.9999999999999998E-002 0.0000000000000000E+000  7.2014260773479659E-001
  9.5331225530854837E+000  9.5331225530854837E+000    3080   3080   1.9999999999999998E-002 0.0000000000000000E+000  7.6998980121039934E-001
  9.5634905614344258E+000  9.5634905614344258E+000    3090   3090   1.9999999999999998E-002 0.0000000000000000E+000  7.9246363453242549E-001
  9.5936152812974082E+000  9.5936152812974082E+000    3100   3100   1.9999999999999998E-002 0.0000000000000000E+000  8.2548258784728147E-001
  9.6237094484635203E+000  9.6237094484635203E+000    3110   3110   1.9999999999999998E-002 0.0000000000000000E+000  8.2245458086562646E-001
  9.6539858988698536E+000  9.6539858988698536E+000    3120   3120   1.9999999999999998E-002 0.0000000000000000E+000  7.5227496399110744E-001
  9.6846303649611602E+000  9.6846303649611602E+000    3130   3130   1.9999999999999998E-002 0.0000000000000000E+000  7.0605765597298404E-001
  9.7157059597778445E+000  9.7157059597778445E+000    3140   3140   1.9999999999999998E-002 0.0000000000000000E+000  7.3620981928237858E-001
  9.7466046416837297E+000  9.7466046416837297E+000    3150   3150   1.9999999999999998E-002 0.0000000000000000E+000  7.8591680395426708E-001
  9.7772138718004306E+000  9.7772138718004306E+000    3160   3160   1.9999999999999998E-002 0.0000000000000000E+000  8.0313931721290767E-001
  9.8076476624305914E+000  9.8076476624305914E+000    3170   3170   1.9999999999999998E-002 0.0000000000000000E+000  8.3497513546421071E-001
  9.8380492120636979E+000  9.8380492120636979E+000    3180   3180   1.9999999999999998E-002 0.0000000000000000E+000  7.8671400018271562E-001
  9.8685652910240388E+000  9.8685652910240388E+000    3190   3190   1.9999999999999998E-002 0.0000000000000000E+000  7.2405965032026546E-001
  9.8993232652116702E+000  9.8993232652116702E+000    3200   3200   1.9999999999999998E-002 0.0000000000000000E+000  7.2527419709878229E-001
  9.9300407676315067E+000  9.9300407676315067E+000    3210   3210   1.9999999999999998E-002 0.0000000000000000E+000  7.7714201273105176E-001
  9.9603595989223006E+000  9.9603595989223006E+000    3220   3220   1.9999999999999998E-002 0.0000000000000000E+000  7.9366285157369116E-001
  9.9904658491808717E+000  9.9904658491808717E+000    3230   3230   1.9999999999999998E-002 0.0000000000000000E+000  8.3141175612623197E-001
  1.0020574125002097E+001  1.0020574125002097E+001    3240   3240   1.9999999999999998E-002 0.0000000000000000E+000  8.1405663622984860E-001
  1.0050894916441477E+001  1.0050894916441477E+001    3250   3250   1.9999999999999998E-002 0.0000000000000000E+000  7.4165566710370844E-001
  1.0081607435988877E+001  1.0081607435988877E+001    3260   3260   1.9999999999999998E-002 0.0000000000000000E+000  7.0573772107840930E-001
  1.0112702170249294E+001  1.0112702170249294E+001    3270   3270   1.9999999999999998E-002 0.0000000000000000E+000  7.4520626713652484E-001
  1.0143552149016039E+001  1.0143552149016039E+001    3280   3280   1.9999999999999998E-002 0.0000000000000000E+000  7.8863480205820852E-001
  1.0174126784475205E+001  1.0174126784475205E+001    3290   3290   1.9999999999999998E-002 0.0000000000000000E+000  8.0958484937755734E-001
  1.0204546256528228E+001  1.0204546256528228E+001    3300   3300   1.9999999999999998E-002 0.0000000000000000E+000  8.3262909529834665E-001
  1.0234955835862680E+001  1.0234955835862680E+001    3310   3310   1.9999999999999998E-002 0.0000000000000000E+000  7.7582025519646569E-001
  1.0265500826446583E+001  1.0265500826446583E+001    3320   3320   1.9999999999999998E-002 0.0000000000000000E+000  7.1911991359199785E-001
  1.0296300532529216E+001  1.0296300532529216E+001    3330   3330   1.9999999999999998E-002 0.0000000000000000E+000  7.3177711678972512E-001
  1.0326949496940849E+001  1.0326949496940849E+001    3340   3340   1.9999999999999998E-002 0.0000000000000000E+000  7.8297907066695078E-001
  1.0357223444048846E+001  1.0357223444048846E+001    3350   3350   1.9999999999999998E-002 0.0000000000000000E+000  7.9616393708673918E-001
  1.0387316107724424E+001  1.0387316107724424E+001    3360   3360   1.9999999999999998E-002 0.0000000000000000E+000  8.3539693891141446E-001
  1.0417443273052791E+001  1.0417443273052791E+001    3370   3370   1.9999999999999998E-002 0.0000000000000000E+000  8.0439864220011365E-001
  1.0447812492340464E+001  1.0447812492340464E+001    3380   3380   1.9999999999999998E-002 0.0000000000000000E+000  7.3193511312869317E-001
  1.0478595742838687E+001  1.0478595742838687E+001    3390   3390   1.9999999999999998E-002 0.0000000000000000E+000  7.0735462994616407E-001
  1.0509689737120819E+001  1.0509689737120819E+001    3400   3400   1.9999999999999998E-002 0.0000000000000000E+000  7.5434319467214994E-001
  1.0540492566074097E+001  1.0540492566074097E+001    3410   3410   1.9999999999999998E-002 0.0000000000000000E+000  7.9025284512359794E-001
  1.0571035367204704E+001  1.0571035367204704E+001    3420   3420   1.9999999999999998E-002 0.0000000000000000E+000  8.1670644423150520E-001
  1.0601443833524741E+001  1.0601443833524741E+001    3430   3430   1.9999999999999998E-002 0.0000000000000000E+000  8.2804662007913414E-001
  1.0631864748386319E+001  1.0631864748386319E+001    3440   3440   1.9999999999999998E-002 0.0000000000000000E+000  7.6496455123560558E-001
  1.0662441444001347E+001  1.0662441444001347E+001    3450   3450   1.9999999999999998E-002 0.0000000000000000E+000  7.1595351478153022E-001
  1.0693267561323407E+001  1.0693267561323407E+001    3460   3460   1.9999999999999998E-002 0.0000000000000000E+000  7.3934369553472079E-001
  1.0723849901629858E+001  1.0723849901629858E+001    3470   3470   1.9999999999999998E-002 0.0000000000000000E+000  7.8725607114426399E-001
  1.0754083391058526E+001  1.0754083391058526E+001    3480   3480   1.9999999999999998E-002 0.0000000000000000E+000  8.0037403271698472E-001
  1.0784167370480157E+001  1.0784167370480157E+001    3490   3490   1.9999999999999998E-002 0.0000000000000000E+000  8.3699891320740338E-001
  1.0814318139632099E+001  1.0814318139632099E+001    3500   3500   1.9999999999999998E-002 0.0000000000000000E+000  7.9381547332624480E-001
  1.0844739717016356E+001  1.0844739717016356E+001    3510   3510   1.9999999999999998E-002 0.0000000000000000E+000  7.2340740597030306E-001
  1.0875596090623245E+001  1.0875596090623245E+001    3520   3520   1.9999999999999998E-002 0.0000000000000000E+000  7.1082271635490812E-001
  1.0906670292545948E+001  1.0906670292545948E+001    3530   3530   1.9999999999999998E-002 0.0000000000000000E+000  7.6315684710183742E-001
  1.0937427734394356E+001  1.0937427734394356E+001    3540   3540   1.9999999999999998E-002 0.0000000000000000E+000  7.9142195762267935E-001
  1.0967941573209429E+001  1.0967941573209429E+001    3550   3550   1.9999999999999998E-002 0.0000000000000000E+000  8.2363054268880677E-001
  1.0998342375178018E+001  1.0998342375178018E+001    3560   3560   1.9999999999999998E-002 0.0000000000000000E+000  8.2152713337207412E-001
  1.1028777889508913E+001  1.1028777889508913E+001    3570   3570   1.9999999999999998E-002 0.0000000000000000E+000  7.5447334931981036E-001
  1.1059388971092107E+001  1.1059388971092107E+001    3580   3580   1.9999999999999998E-002 0.0000000000000000E+000  7.1464120869444087E-001
  1.1090223031096677E+001  1.1090223031096677E+001    3590   3590   1.9999999999999998E-002 0.0000000000000000E+000  7.4762008116249445E-001
  1.1120742065679551E+001  1.1120742065679551E+001    3600   3600   1.9999999999999998E-002 0.0000000000000000E+000  7.8995910602498220E-001
  1.1150939651515980E+001  1.1150939651515980E+001    3610   3610   1.9999999999999998E-002 0.0000000000000000E+000  8.0625860243742053E-001
  1.1181019859001821E+001  1.1181019859001821E+001    3620   3620   1.9999999999999998E-002 0.0000000000000000E+000  8.3607744617066472E-001
  1.1211198863482569E+001  1.1211198863482569E+001    3630   3630   1.9999999999999998E-002 0.0000000000000000E+000  7.8263382409174564E-001
  1.1241676545365510E+001  1.1241676545365510E+001    3640   3640   1.9999999999999998E-002 0.0000000000000000E+000  7.1633603539358583E-001
  1.1272608109052748E+001  1.1272608109052748E+001    3650   3650   1.9999999999999998E-002 0.0000000000000000E+000  7.1599123938443733E-001
  1.1303642570170955E+001  1.1303642570170955E+001    3660   3660   1.9999999999999998E-002 0.0000000000000000E+000  7.7117342765141971E-001
  1.1334356611955012E+001  1.1334356611955012E+001    3670   3670   1.9999999999999998E-002 0.0000000000000000E+000  7.9292237235341955E-001
  1.1364844477557443E+001  1.1364844477557443E+001    3680   3680   1.9999999999999998E-002 0.0000000000000000E+000  8.2946073554644357E-001
  1.1395240979314147E+001  1.1395240979314147E+001    3690   3690   1.9999999999999998E-002 0.0000000000000000E+000  8.1342211605115739E-001
  1.1425694296554145E+001  1.1425694296554145E+001    3700   3700   1.9999999999999998E-002 0.0000000000000000E+000  7.4467011980398059E-001
  1.1456342299998147E+001  1.1456342299998147E+001    3710   3710   1.9999999999999998E-002 0.0000000000000000E+000  7.1519910240193151E-001
  1.1487167880889579E+001  1.1487167880889579E+001    3720   3720   1.9999999999999998E-002 0.0000000000000000E+000  7.5620178721748665E-001
  1.1517627170704438E+001  1.1517627170704438E+001    3730   3730   1.9999999999999998E-002 0.0000000000000000E+000  7.9136529530328818E-001
  1.1547793502938799E+001  1.1547793502938799E+001    3740   3740   1.9999999999999998E-002 0.0000000000000000E+000  8.1333100499904560E-001
  1.1577874845086786E+001  1.1577874845086786E+001    3750   3750   1.9999999999999998E-002 0.0000000000000000E+000  8.3273224816471245E-001
  1.1608086627342990E+001  1.1608086627342990E+001    3760   3760   1.9999999999999998E-002 0.0000000000000000E+000  7.7117371711002133E-001
  1.1638623972851342E+001  1.1638623972851342E+001    3770   3770   1.9999999999999998E-002 0.0000000000000000E+000  7.1093732180156798E-001
  1.1669625349167969E+001  1.1669625349167969E+001    3780   3780   1.9999999999999998E-002 0.0000000000000000E+000  7.2263821932266445E-001
  1.1700608212133467E+001  1.1700608212133467E+001    3790   3790   1.9999999999999998E-002 0.0000000000000000E+000  7.7797439890307451E-001
  1.1731281021118016E+001  1.1731281021118016E+001    3800   3800   1.9999999999999998E-002 0.0000000000000000E+000  7.9547377602385687E-001
  1.1761745988418537E+001  1.1761745988418537E+001    3810   3810   1.9999999999999998E-002 0.0000000000000000E+000  8.3346861959023339E-001
  1.1792141561303342E+001  1.1792141561303342E+001    3820   3820   1.9999999999999998E-002 0.0000000000000000E+000  8.0408943639814545E-001
  1.1822615823268500E+001  1.1822615823268500E+001    3830   3830   1.9999999999999998E-002 0.0000000000000000E+000  7.3585462027427297E-001
  1.1853303148603206E+001  1.1853303148603206E+001    3840   3840   1.9999999999999998E-002 0.0000000000000000E+000  7.1757693894367289E-001
  1.1884101993933959E+001  1.1884101993933959E+001    3850   3850   1.9999999999999998E-002 0.0000000000000000E+000  7.6463812507319586E-001
  1.1914505336048681E+001  1.1914505336048681E+001    3860   3860   1.9999999999999998E-002 0.0000000000000000E+000  7.9204032531231778E-001
  1.1944645153276896E+001  1.1944645153276896E+001    3870   3870   1.9999999999999998E-002 0.0000000000000000E+000  8.2076573426945884E-001
  1.1974732518701623E+001  1.1974732518701623E+001    3880   3880   1.9999999999999998E-002 0.0000000000000000E+000  8.2721703255395535E-001
  1.2004981511600143E+001  1.2004981511600143E+001    3890   3890   1.9999999999999998E-002 0.0000000000000000E+000  7.5975849342243204E-001
  1.2035581860053721E+001  1.2035581860053721E+001    3900   3900   1.9999999999999998E-002 0.0000000000000000E+000  7.0737223352827394E-001
  1.2066633926264862E+001  1.2066633926264862E+001    3910   3910   1.9999999999999998E-002 0.0000000000000000E+000  7.3046146984241495E-001
  1.2097566060052513E+001  1.2097566060052513E+001    3920   3920   1.9999999999999998E-002 0.0000000000000000E+000  7.8326363946385253E-001
  1.2128199994938961E+001  1.2128199994938961E+001    3930   3930   1.9999999999999998E-002 0.0000000000000000E+000  7.9952932884582414E-001
  1.2158645226268953E+001  1.2158645226268953E+001    3940   3940   1.9999999999999998E-002 0.0000000000000000E+000  8.3519383560893540E-001
  1.2189043239070678E+001  1.2189043239070678E+001    3950   3950   1.9999999999999998E-002 0.0000000000000000E+000  7.9388638362291876E-001
  1.2219541503306654E+001  1.2219541503306654E+001    3960   3960   1.9999999999999998E-002 0.0000000000000000E+000  7.2830399512433334E-001
  1.2250270378468517E+001  1.2250270378468517E+001    3970   3970   1.9999999999999998E-002 0.0000000000000000E+000  7.2165940626741527E-001
  1.2281026391378677E+001  1.2281026391378677E+001    3980   3980   1.9999999999999998E-002 0.0000000000000000E+000  7.7245936885932948E-001
  1.2311377777924628E+001  1.2311377777924628E+001    3990   3990   1.9999999999999998E-002 0.0000000000000000E+000  7.9275387729631310E-001
  1.2341495880530501E+001  1.2341495880530501E+001    4000   4000   1.9999999999999998E-002 0.0000000000000000E+000  8.2760334089489191E-001
  1.2371594127019029E+001  1.2371594127019029E+001    4010   4010   1.9999999999999998E-002 0.0000000000000000E+000  8.1985944901906826E-001
  1.2401884648591705E+001  1.2401884648591705E+001    4020   4020   1.9999999999999998E-002 0.0000000000000000E+000  7.4871053556353501E-001
  1.2432551114831040E+001  1.2432551114831040E+001    4030   4030   1.9999999999999998E-002 0.0000000000000000E+000  7.0573641107767448E-001
  1.2463635244285786E+001  1.2463635244285786E+001    4040   4040   1.9999999999999998E-002 0.0000000000000000E+000  7.3911896352102566E-001
  1.2494517774936988E+001  1.2494517774936988E+001    4050   4050   1.9999999999999998E-002 0.0000000000000000E+000  7.8696045356400281E-001
  1.2525115345141413E+001  1.2525115345141413E+001    4060   4060   1.9999999999999998E-002 0.0000000000000000E+000  8.0513375634953945E-001
  1.2555544063732138E+001  1.2555544063732138E+001    4070   4070   1.9999999999999998E-002 0.0000000000000000E+000  8.3446682790703334E-001
  1.2585947871430434E+001  1.2585947871430434E+001    4080   4080   1.9999999999999998E-002 0.0000000000000000E+000  7.8315536274615427E-001
  1.2616473113017083E+001  1.2616473113017083E+001    4090   4090   1.9999999999999998E-002 0.0000000000000000E+000  7.2225065688107132E-001
  1.2647245604301886E+001  1.2647245604301886E+001    4100   4100   1.9999999999999998E-002 0.0000000000000000E+000  7.2727070057809219E-001
  1.2677941038804576E+001  1.2677941038804576E+001    4110   4110   1.9999999999999998E-002 0.0000000000000000E+000  7.7921815574623076E-001
  1.2708244650212672E+001  1.2708244650212672E+001    4120   4120   1.9999999999999998E-002 0.0000000000000000E+000  7.9431240803012128E-001
  1.2738345891888602E+001  1.2738345891888602E+001    4130   4130   1.9999999999999998E-002 0.0000000000000000E+000  8.3296168898599081E-001
  1.2768459831861846E+001  1.2768459831861846E+001    4140   4140   1.9999999999999998E-002 0.0000000000000000E+000  8.1100976943637590E-001
  1.2798796061335524E+001  1.2798796061335524E+001    4150   4150   1.9999999999999998E-002 0.0000000000000000E+000  7.3835198481172126E-001
  1.2829531499102537E+001  1.2829531499102537E+001    4160   4160   1.9999999999999998E-002 0.0000000000000000E+000  7.0605759252447946E-001
  1.2860627984666983E+001  1.2860627984666983E+001    4170   4170   1.9999999999999998E-002 0.0000000000000000E+000  7.4821082991659704E-001
  1.2891462303944754E+001  1.2891462303944754E+001    4180   4180   1.9999999999999998E-002 0.0000000000000000E+000  7.8925959988999156E-001
  1.2922026177551273E+001  1.2922026177551273E+001    4190   4190   1.9999999999999998E-002 0.0000000000000000E+000  8.1188708070508965E-001
  1.2952441665568645E+001  1.2952441665568645E+001    4200   4200   1.9999999999999998E-002 0.0000000000000000E+000  8.3135890484327941E-001
  1.2982854595859654E+001  1.2982854595859654E+001    4210   4210   1.9999999999999998E-002 0.0000000000000000E+000  7.7223795927800855E-001
  1.3013409680936314E+001  1.3013409680936314E+001    4220   4220   1.9999999999999998E-002 0.0000000000000000E+000  7.1788025545662179E-001
  1.3044220289018673E+001  1.3044220289018673E+001    4230   4230   1.9999999999999998E-002 0.0000000000000000E+000  7.3415945228367824E-001
  1.3074847030315916E+001  1.3074847030315916E+001    4240   4240   1.9999999999999998E-002 0.0000000000000000E+000  7.8456095083940375E-001
  1.3105107197092107E+001  1.3105107197092107E+001    4250   4250   1.9999999999999998E-002 0.0000000000000000E+000  7.9734931813084646E-001
  1.3135196462927543E+001  1.3135196462927543E+001    4260   4260   1.9999999999999998E-002 0.0000000000000000E+000  8.3619805591026192E-001
  1.3165330853402859E+001  1.3165330853402859E+001    4270   4270   1.9999999999999998E-002 0.0000000000000000E+000  8.0101100593697047E-001
  1.3195716826798919E+001  1.3195716826798919E+001    4280   4280   1.9999999999999998E-002 0.0000000000000000E+000  7.2899105169004840E-001
  1.3226523822992897E+001  1.3226523822992897E+001    4290   4290   1.9999999999999998E-002 0.0000000000000000E+000  7.0829489557792024E-001
  1.3257613601418807E+001  1.3257613601418807E+001    4300   4300   1.9999999999999998E-002 0.0000000000000000E+000  7.5729532786468034E-001
  1.3288401322004794E+001  1.3288401322004794E+001    4310   4310   1.9999999999999998E-002 0.0000000000000000E+000  7.9064903599734392E-001
  1.3318934289544321E+001  1.3318934289544321E+001    4320   4320   1.9999999999999998E-002 0.0000000000000000E+000  8.1904637143674747E-001
  1.3349339866433276E+001  1.3349339866433276E+001    4330   4330   1.9999999999999998E-002 0.0000000000000000E+000  8.2610352533222286E-001
  1.3379765212642691E+001  1.3379765212642691E+001    4340   4340   1.9999999999999998E-002 0.0000000000000000E+000  7.6146455162365800E-001
  1.3410352902852198E+001  1.3410352902852198E+001    4350   4350   1.9999999999999998E-002 0.0000000000000000E+000  7.1531618055921795E-001
  1.3441183220597552E+001  1.3441183220597552E+001    4360   4360   1.9999999999999998E-002 0.0000000000000000E+000  7.4200036144065828E-001
  1.3471744402564373E+001  1.3471744402564373E+001    4370   4370   1.9999999999999998E-002 0.0000000000000000E+000  7.8830936076972424E-001
  1.3501965598216529E+001  1.3501965598216529E+001    4380   4380   1.9999999999999998E-002 0.0000000000000000E+000  8.0213574479117735E-001
  1.3532047794681407E+001  1.3532047794681407E+001    4390   4390   1.9999999999999998E-002 0.0000000000000000E+000  8.3697383319900620E-001
  1.3562207320337513E+001  1.3562207320337513E+001    4400   4400   1.9999999999999998E-002 0.0000000000000000E+000  7.9019608685897075E-001
  1.3592646902771443E+001  1.3592646902771443E+001    4410   4410   1.9999999999999998E-002 0.0000000000000000E+000  7.2091452377044955E-001
  1.3623527736987510E+001  1.3623527736987510E+001    4420   4420   1.9999999999999998E-002 0.0000000000000000E+000  7.1234061423435495E-001
  1.3654590904621137E+001  1.3654590904621137E+001    4430   4430   1.9999999999999998E-002 0.0000000000000000E+000  7.6589750334825259E-001
  1.3685333873486660E+001  1.3685333873486660E+001    4440   4440   1.9999999999999998E-002 0.0000000000000000E+000  7.9183939161090677E-001
  1.3715838852522788E+001  1.3715838852522788E+001    4450   4450   1.9999999999999998E-002 0.0000000000000000E+000  8.2570458189280309E-001
  1.3746237869601793E+001  1.3746237869601793E+001    4460   4460   1.9999999999999998E-002 0.0000000000000000E+000  8.1902459944597687E-001
  1.3776678873551990E+001  1.3776678873551990E+001    4470   4470   1.9999999999999998E-002 0.0000000000000000E+000  7.5116539360480505E-001
  1.3807301795970863E+001  1.3807301795970863E+001    4480   4480   1.9999999999999998E-002 0.0000000000000000E+000  7.1461933988149981E-001
  1.3838135293333249E+001  1.3838135293333249E+001    4490   4490   1.9999999999999998E-002 0.0000000000000000E+000  7.5042449070301771E-001
  1.3868634309914325E+001  1.3868634309914325E+001    4500   4500   1.9999999999999998E-002 0.0000000000000000E+000  7.9054147868420452E-001
  1.3898821117103230E+001  1.3898821117103230E+001    4510   4510   1.9999999999999998E-002 0.0000000000000000E+000  8.0848412035551557E-001
  1.3928901154354007E+001  1.3928901154354007E+001    4520   4520   1.9999999999999998E-002 0.0000000000000000E+000  8.3523653701372992E-001
  1.3959090419836741E+001  1.3959090419836741E+001    4530   4530   1.9999999999999998E-002 0.0000000000000000E+000  7.7888712991367725E-001
  1.3989587301392696E+001  1.3989587301392696E+001    4540   4540   1.9999999999999998E-002 0.0000000000000000E+000  7.1437046585327088E-001
  1.4020543939218804E+001  1.4020543939218804E+001    4550   4550   1.9999999999999998E-002 0.0000000000000000E+000  7.1802446316856896E-001
  1.4051561383974791E+001  1.4051561383974791E+001    4560   4560   1.9999999999999998E-002 0.0000000000000000E+000  7.7355788140827819E-001
  1.4082261639802490E+001  1.4082261639802490E+001    4570   4570   1.9999999999999998E-002 0.0000000000000000E+000  7.9361467926644957E-001
  1.4112741643317283E+001  1.4112741643317283E+001    4580   4580   1.9999999999999998E-002 0.0000000000000000E+000  8.3100583788224611E-001
  1.4143137466717901E+001  1.4143137466717901E+001    4590   4590   1.9999999999999998E-002 0.0000000000000000E+000  8.1047620064273324E-001
  1.4173597315356114E+001  1.4173597315356114E+001    4600   4600   1.9999999999999998E-002 0.0000000000000000E+000  7.4165311594191845E-001
  1.4204257968889459E+001  1.4204257968889459E+001    4610   4610   1.9999999999999998E-002 0.0000000000000000E+000  7.1578334839011841E-001
  1.4235076348747810E+001  1.4235076348747810E+001    4620   4620   1.9999999999999998E-002 0.0000000000000000E+000  7.5900948154421374E-001
  1.4265516846536518E+001  1.4265516846536518E+001    4630   4630   1.9999999999999998E-002 0.0000000000000000E+000  7.9163273087276309E-001
  1.4295673949531484E+001  1.4295673949531484E+001    4640   4640   1.9999999999999998E-002 0.0000000000000000E+000  8.1577731338484849E-001
  1.4325756729557184E+001  1.4325756729557184E+001    4650   4650   1.9999999999999998E-002 0.0000000000000000E+000  8.3114621419153937E-001
  1.4355980239716314E+001  1.4355980239716314E+001    4660   4660   1.9999999999999998E-002 0.0000000000000000E+000  7.6740652113269938E-001
  1.4386537903961924E+001  1.4386537903961924E+001    4670   4670   1.9999999999999998E-002 0.0000000000000000E+000  7.0955908282895121E-001
  1.4417557865767687E+001  1.4417557865767687E+001    4680   4680   1.9999999999999998E-002 0.0000000000000000E+000  7.2509157203856844E-001
  1.4448523970528228E+001  1.4448523970528228E+001    4690   4690   1.9999999999999998E-002 0.0000000000000000E+000  7.7988583391522894E-001
  1.4479183753353055E+001  1.4479183753353055E+001    4700   4700   1.9999999999999998E-002 0.0000000000000000E+000  7.9662748766838733E-001
  1.4509641891031364E+001  1.4509641891031364E+001    4710   4710   1.9999999999999998E-002 0.0000000000000000E+000  8.3430027103614268E-001
  1.4540037892816187E+001  1.4540037892816187E+001    4720   4720   1.9999999999999998E-002 0.0000000000000000E+000  8.0082007372176775E-001
  1.4570519697596260E+001  1.4570519697596260E+001    4730   4730   1.9999999999999998E-002 0.0000000000000000E+000  7.3322502169147885E-001
  1.4601220419635369E+001  1.4601220419635369E+001    4740   4740   1.9999999999999998E-002 0.0000000000000000E+000  7.1873618632265356E-001
  1.4632007376875588E+001  1.4632007376875588E+001    4750   4750   1.9999999999999998E-002 0.0000000000000000E+000  7.6729610622573263E-001
  1.4662393213598168E+001  1.4662393213598168E+001    4760   4760   1.9999999999999998E-002 0.0000000000000000E+000  7.9222973159319645E-001
  1.4692525369752020E+001  1.4692525369752020E+001    4770   4770   1.9999999999999998E-002 0.0000000000000000E+000  8.2312249897687710E-001
  1.4722615772252809E+001  1.4722615772252809E+001    4780   4780   1.9999999999999998E-002 0.0000000000000000E+000  8.2498803125942288E-001
  1.4752877926294809E+001  1.4752877926294809E+001    4790   4790   1.9999999999999998E-002 0.0000000000000000E+000  7.5607570263035537E-001
  1.4783499645684676E+001  1.4783499645684676E+001    4800   4800   1.9999999999999998E-002 0.0000000000000000E+000  7.0661981453427742E-001
  1.4814564469999149E+001  1.4814564469999149E+001    4810   4810   1.9999999999999998E-002 0.0000000000000000E+000  7.3322996227726342E-001
  1.4845480181994846E+001  1.4845480181994846E+001    4820   4820   1.9999999999999998E-002 0.0000000000000000E+000  7.8464939493235057E-001
  1.4876101893710522E+001  1.4876101893710522E+001    4830   4830   1.9999999999999998E-002 0.0000000000000000E+000  8.0120919593284050E-001
  1.4906541345057497E+001  1.4906541345057497E+001    4840   4840   1.9999999999999998E-002 0.0000000000000000E+000  8.3522632628954163E-001
  1.4936940890649190E+001  1.4936940890649190E+001    4850   4850   1.9999999999999998E-002 0.0000000000000000E+000  7.9040508608968105E-001
  1.4967447687199517E+001  1.4967447687199517E+001    4860   4860   1.9999999999999998E-002 0.0000000000000000E+000  7.2614153184265450E-001
  1.4998190661415020E+001  1.4998190661415020E+001    4870   4870   1.9999999999999998E-002 0.0000000000000000E+000  7.2334333567028075E-001
  1.5028928311339626E+001  1.5028928311339626E+001    4880   4880   1.9999999999999998E-002 0.0000000000000000E+000  7.7481467164512718E-001
  1.5059263548896668E+001  1.5059263548896668E+001    4890   4890   1.9999999999999998E-002 0.0000000000000000E+000  7.9313575737999908E-001
  1.5089375580315573E+001  1.5089375580315573E+001    4900   4900   1.9999999999999998E-002 0.0000000000000000E+000  8.2956229882551024E-001
  1.5119478448904946E+001  1.5119478448904946E+001    4910   4910   1.9999999999999998E-002 0.0000000000000000E+000  8.1710240933705495E-001
  1.5149783517481621E+001  1.5149783517481621E+001    4920   4920   1.9999999999999998E-002 0.0000000000000000E+000  7.4521940002321684E-001
  1.5180472317971149E+001  1.5180472317971149E+001    4930   4930   1.9999999999999998E-002 0.0000000000000000E+000  7.0562670059687206E-001
  1.5211562517230170E+001  1.5211562517230170E+001    4940   4940   1.9999999999999998E-002 0.0000000000000000E+000  7.4207556748943304E-001
  1.5242429061019215E+001  1.5242429061019215E+001    4950   4950   1.9999999999999998E-002 0.0000000000000000E+000  7.8785089029138832E-001
  1.5273015271945274E+001  1.5273015271945274E+001    4960   4960   1.9999999999999998E-002 0.0000000000000000E+000  8.0725411643764761E-001
  1.5303439284308053E+001  1.5303439284308053E+001    4970   4970   1.9999999999999998E-002 0.0000000000000000E+000  8.3370043650558223E-001
  1.5333845720146534E+001  1.5333845720146534E+001    4980   4980   1.9999999999999998E-002 0.0000000000000000E+000  7.7957680913591893E-001
  1.5364380444316458E+001  1.5364380444316458E+001    4990   4990   1.9999999999999998E-002 0.0000000000000000E+000  7.2062360521730308E-001
  1.5395167664685951E+001  1.5395167664685951E+001    5000   5000   1.9999999999999998E-002 0.0000000000000000E+000  7.2940641185024412E-001
