# 01:time 02:total_time 03:iteration 04:total_iteration 05:X 06:Y 007:U(1) 008:U(2) 009:U(mag)
 0.0000000000000000E+000 0.0000000000000000E+000       0      0   1.9999999999999998E-002 0.0000000000000000E+000   1.4366370072000886E-001 -1.4213344350099667E-004  1.4366377102973468E-001
  1.7938510864529466E-002  1.7938510864529466E-002      10     10   1.9999999999999998E-002 0.0000000000000000E+000   1.3998611627109383E-001  1.1711815464916572E-004  1.3998616526402296E-001
  4.6540436169914354E-002  4.6540436169914354E-002      20     20   1.9999999999999998E-002 0.0000000000000000E+000   1.3615585972502293E-001  1.6105581035001641E-004  1.3615595497970025E-001
  7.5376347378310910E-002  7.5376347378310910E-002      30     30   1.9999999999999998E-002 0.0000000000000000E+000   1.3040694348430161E-001  2.3688698573360253E-004  1.3040715863924745E-001
  1.0258117864846492E-001  1.0258117864846492E-001      40     40   1.9999999999999998E-002 0.0000000000000000E+000   1.2204592765364019E-001  3.8484881631430720E-004  1.2204653442621382E-001
  1.2960307767380041E-001  1.2960307767380041E-001      50     50   1.9999999999999998E-002 0.0000000000000000E+000   1.0831517660056855E-001  6.7580764496923784E-004  1.0831728485327425E-001
  1.5749992707448690E-001  1.5749992707448690E-001      60     60   1.9999999999999998E-002 0.0000000000000000E+000   8.7384761528302110E-002  1.0067189523432795E-003  8.7390560304916444E-002
  1.8634864772322830E-001  1.8634864772322830E-001      70     70   1.9999999999999998E-002 0.0000000000000000E+000   6.2000768521723648E-002  1.2553142775495331E-003  6.2013475239013802E-002
  2.1599439733745131E-001  2.1599439733745131E-001      80     80   1.9999999999999998E-002 0.0000000000000000E+000   3.5263260534481890E-002  1.4050918432743698E-003  3.5291242916774465E-002
  2.4582443465822607E-001  2.4582443465822607E-001      90     90   1.9999999999999998E-002 0.0000000000000000E+000   9.8735214064087681E-003  1.4309583811093144E-003  9.9766761424474026E-003
  2.7583405656174031E-001  2.7583405656174031E-001     100    100   1.9999999999999998E-002 0.0000000000000000E+000  -1.2298931737081095E-002  1.3367950986806866E-003  1.2371367871389054E-002
  3.0603291407226986E-001  3.0603291407226986E-001     110    110   1.9999999999999998E-002 0.0000000000000000E+000  -3.0212912201499242E-002  1.1655079519429663E-003  3.0235384444083788E-002
  3.3642268819009069E-001  3.3642268819009069E-001     120    120   1.9999999999999998E-002 0.0000000000000000E+000  -4.3827505245145168E-002  9.6718537029434301E-004  4.3838175869369129E-002
  3.6699825285376026E-001  3.6699825285376026E-001     130    130   1.9999999999999998E-002 0.0000000000000000E+000  -5.3704659537280656E-002  7.7686331594049775E-004  5.3710278091133396E-002
  3.9769102381425200E-001  3.9769102381425200E-001     140    140   1.9999999999999998E-002 0.0000000000000000E+000  -6.0560074800974783E-002  6.1251287052313969E-004  6.0563172241191400E-002
  4.2847023746856489E-001  4.2847023746856489E-001     150    150   1.9999999999999998E-002 0.0000000000000000E+000  -6.5070319095094948E-002  4.7924611775642729E-004  6.5072083906840294E-002
  4.5933511780304590E-001  4.5933511780304590E-001     160    160   1.9999999999999998E-002 0.0000000000000000E+000  -6.7786843420688125E-002  3.7500770535577703E-004  6.7787880714180506E-002
  4.9028368698366602E-001  4.9028368698366602E-001     170    170   1.9999999999999998E-002 0.0000000000000000E+000  -6.9133658954079679E-002  2.9360194648711468E-004  6.9134282396521493E-002
  5.2131300323688076E-001  5.2131300323688076E-001     180    180   1.9999999999999998E-002 0.0000000000000000E+000  -6.9434102789050795E-002  2.2677364713028258E-004  6.9434473112478523E-002
  5.5241931963130195E-001  5.5241931963130195E-001     190    190   1.9999999999999998E-002 0.0000000000000000E+000  -6.8936768369496519E-002  1.6599156559431358E-004  6.8936968213212450E-002
  5.8359815749409058E-001  5.8359815749409058E-001     200    200   1.9999999999999998E-002 0.0000000000000000E+000  -6.7836281917723972E-002  1.0398396486889074E-004  6.7836361614445941E-002
  6.1484422678117809E-001  6.1484422678117809E-001     210    210   1.9999999999999998E-002 0.0000000000000000E+000  -6.6288367151187106E-002  3.5960196436657883E-005  6.6288376905052590E-002
  6.4615092377297624E-001  6.4615092377297624E-001     220    220   1.9999999999999998E-002 0.0000000000000000E+000  -6.4420086268571044E-002 -3.9577323611268777E-005  6.4420098425993419E-002
  6.7750979095475818E-001  6.7750979095475818E-001     230    230   1.9999999999999998E-002 0.0000000000000000E+000  -6.2336515737523514E-002 -1.2055645057699180E-004  6.2336632313209650E-002
  7.0891161338693544E-001  7.0891161338693544E-001     240    240   1.9999999999999998E-002 0.0000000000000000E+000  -6.0124715155854451E-002 -2.0168643582036351E-004  6.0125053430255075E-002
  7.4034952915799543E-001  7.4034952915799543E-001     250    250   1.9999999999999998E-002 0.0000000000000000E+000  -5.7855613382682404E-002 -2.7545548840373821E-004  5.7856269112452380E-002
  7.7182080390241250E-001  7.7182080390241250E-001     260    260   1.9999999999999998E-002 0.0000000000000000E+000  -5.5584860481277242E-002 -3.3357943733935000E-004  5.5585861421444864E-002
  8.0332480168193391E-001  8.0332480168193391E-001     270    270   1.9999999999999998E-002 0.0000000000000000E+000  -5.3354271676242577E-002 -3.6852493100374710E-004  5.3355544386006146E-002
  8.3486022318965815E-001  8.3486022318965815E-001     280    280   1.9999999999999998E-002 0.0000000000000000E+000  -5.1194777381236304E-002 -3.7480836363030531E-004  5.1196149390591783E-002
  8.6642502215709438E-001  8.6642502215709438E-001     290    290   1.9999999999999998E-002 0.0000000000000000E+000  -4.9130001933848026E-002 -3.5006629129926380E-004  4.9131249082719392E-002
  8.9801751542614507E-001  8.9801751542614507E-001     300    300   1.9999999999999998E-002 0.0000000000000000E+000  -4.7178649876876495E-002 -2.9595821944851818E-004  4.7179578161240032E-002
  9.2963641990341798E-001  9.2963641990341798E-001     310    310   1.9999999999999998E-002 0.0000000000000000E+000  -4.5355043711971241E-002 -2.1868188038175904E-004  4.5355570902366881E-002
  9.6128044439847375E-001  9.6128044439847375E-001     320    320   1.9999999999999998E-002 0.0000000000000000E+000  -4.3668853180437654E-002 -1.2869345497153565E-004  4.3669042811813181E-002
  9.9294834175721788E-001  9.9294834175721788E-001     330    330   1.9999999999999998E-002 0.0000000000000000E+000  -4.2125106890761996E-002 -3.9501042370071743E-005  4.2125125410976194E-002
  1.0246390002544900E+000  1.0246390002544900E+000     340    340   1.9999999999999998E-002 0.0000000000000000E+000  -4.0724641773697651E-002  3.4248748761265863E-005  4.0724656175010141E-002
  1.0563513191119755E+000  1.0563513191119755E+000     350    350   1.9999999999999998E-002 0.0000000000000000E+000  -3.9464747591539492E-002  7.9067865453798598E-005  3.9464826797938311E-002
  1.0880841365626616E+000  1.0880841365626616E+000     360    360   1.9999999999999998E-002 0.0000000000000000E+000  -3.8339936477512313E-002  8.4991168652959192E-005  3.8340030680718403E-002
  1.1198362559333920E+000  1.1198362559333920E+000     370    370   1.9999999999999998E-002 0.0000000000000000E+000  -3.7342715615448622E-002  4.7614978156688945E-005  3.7342745971907516E-002
  1.1516064505913583E+000  1.1516064505913583E+000     380    380   1.9999999999999998E-002 0.0000000000000000E+000  -3.6464278062037953E-002 -3.0565736372888880E-005  3.6464290872713571E-002
  1.1833934694661887E+000  1.1833934694661887E+000     390    390   1.9999999999999998E-002 0.0000000000000000E+000  -3.5695032162760966E-002 -1.3981392645039445E-004  3.5695305980402651E-002
  1.2151960883614543E+000  1.2151960883614543E+000     400    400   1.9999999999999998E-002 0.0000000000000000E+000  -3.5025012442768117E-002 -2.6395804483549505E-004  3.5026007058548573E-002
  1.2470131760826095E+000  1.2470131760826095E+000     410    410   1.9999999999999998E-002 0.0000000000000000E+000  -3.4444190620251484E-002 -3.8235488571909090E-004  3.4446312759754897E-002
  1.2788437450123186E+000  1.2788437450123186E+000     420    420   1.9999999999999998E-002 0.0000000000000000E+000  -3.3942692713924453E-002 -4.7282394210270384E-004  3.3945985788486470E-002
  1.3106869875861439E+000  1.3106869875861439E+000     430    430   1.9999999999999998E-002 0.0000000000000000E+000  -3.3510976440743656E-002 -5.1519064986492777E-004  3.3514936422702410E-002
  1.3425423019333566E+000  1.3425423019333566E+000     440    440   1.9999999999999998E-002 0.0000000000000000E+000  -3.3139971964148626E-002 -4.9492956090601527E-004  3.3143667525710180E-002
  1.3744092995964323E+000  1.3744092995964323E+000     450    450   1.9999999999999998E-002 0.0000000000000000E+000  -3.2821211556765610E-002 -4.0630659155693304E-004  3.2823726374382102E-002
  1.4062877868575165E+000  1.4062877868575165E+000     460    460   1.9999999999999998E-002 0.0000000000000000E+000  -3.2546949309817767E-002 -2.5444574693470460E-004  3.2547943898409017E-002
  1.4381777165625637E+000  1.4381777165625637E+000     470    470   1.9999999999999998E-002 0.0000000000000000E+000  -3.2310259094929989E-002 -5.5840081315395222E-005  3.2310307347597104E-002
  1.4700791159309051E+000  1.4700791159309051E+000     480    480   1.9999999999999998E-002 0.0000000000000000E+000  -3.2105101940469751E-002  1.6295677515245843E-004  3.2105515499965462E-002
  1.5019919994113408E+000  1.5019919994113408E+000     490    490   1.9999999999999998E-002 0.0000000000000000E+000  -3.1926316086034143E-002  3.6847730403388996E-004  3.1928442404053329E-002
  1.5339162794352878E+000  1.5339162794352878E+000     500    500   1.9999999999999998E-002 0.0000000000000000E+000  -3.1769529866727044E-002  5.2502478468281008E-004  3.1773867863031610E-002
  1.5658516878701576E+000  1.5658516878701576E+000     510    510   1.9999999999999998E-002 0.0000000000000000E+000  -3.1631024381284000E-002  6.0031373765935489E-004  3.1636720436748895E-002
  1.5977977207034930E+000  1.5977977207034930E+000     520    520   1.9999999999999998E-002 0.0000000000000000E+000  -3.1507623151909380E-002  5.7126581342784241E-004  3.1512801546551321E-002
  1.6297536176023399E+000  1.6297536176023399E+000     530    530   1.9999999999999998E-002 0.0000000000000000E+000  -3.1396677261981040E-002  4.2903411453738424E-004  3.1399608490623482E-002
  1.6617183853056332E+000  1.6617183853056332E+000     540    540   1.9999999999999998E-002 0.0000000000000000E+000  -3.1296152809884412E-002  1.8233048252026582E-004  3.1296683931440600E-002
  1.6936908666824450E+000  1.6936908666824450E+000     550    550   1.9999999999999998E-002 0.0000000000000000E+000  -3.1204741646579265E-002 -1.4170606877969682E-004  3.1205063400667647E-002
  1.7256698493442930E+000  1.7256698493442930E+000     560    560   1.9999999999999998E-002 0.0000000000000000E+000  -3.1121852980968993E-002 -4.9956228223344520E-004  3.1125862163848232E-002
  1.7576541998158616E+000  1.7576541998158616E+000     570    570   1.9999999999999998E-002 0.0000000000000000E+000  -3.1047391577730509E-002 -8.3635399668277443E-004  3.1058654378267882E-002
  1.7896430040793720E+000  1.7896430040793720E+000     580    580   1.9999999999999998E-002 0.0000000000000000E+000  -3.0981311253771059E-002 -1.0933411137666197E-003  3.1000597442534778E-002
  1.8216356929703447E+000  1.8216356929703447E+000     590    590   1.9999999999999998E-002 0.0000000000000000E+000  -3.0923115922553723E-002 -1.2170366888222610E-003  3.0947056025761727E-002
  1.8536321303592071E+000  1.8536321303592071E+000     600    600   1.9999999999999998E-002 0.0000000000000000E+000  -3.0871545277645990E-002 -1.1686360709874905E-003  3.0893656599634815E-002
  1.8856326448198348E+000  1.8856326448198348E+000     610    610   1.9999999999999998E-002 0.0000000000000000E+000  -3.0824641109783983E-002 -9.3229417912081480E-004  3.0838736549726015E-002
  1.9176379916583488E+000  1.9176379916583488E+000     620    620   1.9999999999999998E-002 0.0000000000000000E+000  -3.0780230101112211E-002 -5.2076722843934026E-004  3.0784635186788076E-002
  1.9496492414941082E+000  1.9496492414941082E+000     630    630   1.9999999999999998E-002 0.0000000000000000E+000  -3.0736618153432826E-002  2.2818934582268002E-005  3.0736626623845886E-002
  1.9816676047293462E+000  1.9816676047293462E+000     640    640   1.9999999999999998E-002 0.0000000000000000E+000  -3.0693103752541488E-002  6.2788303955145963E-004  3.0699525323295029E-002
  2.0136942129793165E+000  2.0136942129793165E+000     650    650   1.9999999999999998E-002 0.0000000000000000E+000  -3.0649970367616745E-002  1.2041146489587570E-003  3.0673613670769568E-002
  2.0457298874213130E+000  2.0457298874213130E+000     660    660   1.9999999999999998E-002 0.0000000000000000E+000  -3.0607853035608112E-002  1.6534147936644611E-003  3.0652478658818007E-002
  2.0777749282091355E+000  2.0777749282091355E+000     670    670   1.9999999999999998E-002 0.0000000000000000E+000  -3.0566794058663919E-002  1.8847062664895574E-003  3.0624843129977286E-002
  2.1098289597710402E+000  2.1098289597710402E+000     680    680   1.9999999999999998E-002 0.0000000000000000E+000  -3.0525602276841237E-002  1.8296644374433812E-003  3.0580386955000098E-002
  2.1418908630793080E+000  2.1418908630793080E+000     690    690   1.9999999999999998E-002 0.0000000000000000E+000  -3.0482097582762457E-002  1.4570008136192964E-003  3.0516898997374228E-002
  2.1739588184222502E+000  2.1739588184222502E+000     700    700   1.9999999999999998E-002 0.0000000000000000E+000  -3.0434393734057243E-002  7.8276103630391995E-004  3.0444458228051596E-002
  2.2060304681974396E+000  2.2060304681974396E+000     710    710   1.9999999999999998E-002 0.0000000000000000E+000  -3.0382662701365661E-002 -1.2568246948917876E-004  3.0382922652504862E-002
  2.2381031913996789E+000  2.2381031913996789E+000     720    720   1.9999999999999998E-002 0.0000000000000000E+000  -3.0330290274759534E-002 -1.1535522467668584E-003  3.0352218879963186E-002
  2.2701744600311943E+000  2.2701744600311943E+000     730    730   1.9999999999999998E-002 0.0000000000000000E+000  -3.0283372123214928E-002 -2.1509003431121564E-003  3.0359660726679922E-002
  2.3022422289133701E+000  2.3022422289133701E+000     740    740   1.9999999999999998E-002 0.0000000000000000E+000  -3.0248295190570972E-002 -2.9520923821467675E-003  3.0392009005142255E-002
  2.3343052996781468E+000  2.3343052996781468E+000     750    750   1.9999999999999998E-002 0.0000000000000000E+000  -3.0228277670209098E-002 -3.4002070963521640E-003  3.0418911538800093E-002
  2.3663635945808381E+000  2.3663635945808381E+000     760    760   1.9999999999999998E-002 0.0000000000000000E+000  -3.0220687349253814E-002 -3.3731891873035806E-003  3.0408359856373232E-002
  2.3984182848783581E+000  2.3984182848783581E+000     770    770   1.9999999999999998E-002 0.0000000000000000E+000  -3.0217032569120871E-002 -2.8081401130709622E-003  3.0347235593673929E-002
  2.4304717355660643E+000  2.4304717355660643E+000     780    780   1.9999999999999998E-002 0.0000000000000000E+000  -3.0206366499648731E-002 -1.7198316990744235E-003  3.0255287111251192E-002
  2.4625272524003736E+000  2.4625272524003736E+000     790    790   1.9999999999999998E-002 0.0000000000000000E+000  -3.0180899699282606E-002 -2.0951641567809451E-004  3.0181626924117188E-002
  2.4945886463555795E+000  2.4945886463555795E+000     800    800   1.9999999999999998E-002 0.0000000000000000E+000  -3.0140827070655276E-002  1.5391121150248549E-003  3.0180098121208320E-002
  2.5266596577429369E+000  2.5266596577429369E+000     810    810   1.9999999999999998E-002 0.0000000000000000E+000  -3.0095039471469755E-002  3.2780000112483267E-003  3.0273035607006222E-002
  2.5587433078158081E+000  2.5587433078158081E+000     820    820   1.9999999999999998E-002 0.0000000000000000E+000  -3.0056195156613094E-002  4.7254439010423832E-003  3.0425395434641617E-002
  2.5908412660772852E+000  2.5908412660772852E+000     830    830   1.9999999999999998E-002 0.0000000000000000E+000  -3.0031901314099811E-002  5.6059304855360752E-003  3.0550639161046904E-002
  2.6229533327214231E+000  2.6229533327214231E+000     840    840   1.9999999999999998E-002 0.0000000000000000E+000  -3.0016806064483261E-002  5.6946573263608613E-003  3.0552213804853400E-002
  2.6550771363602425E+000  2.6550771363602425E+000     850    850   1.9999999999999998E-002 0.0000000000000000E+000  -2.9991408931237405E-002  4.8616823239376394E-003  3.0382899214847727E-002
  2.6872081326570529E+000  2.6872081326570529E+000     860    860   1.9999999999999998E-002 0.0000000000000000E+000  -2.9930921228564155E-002  3.1090465208473867E-003  3.0091962645518917E-002
  2.7193399562221856E+000  2.7193399562221856E+000     870    870   1.9999999999999998E-002 0.0000000000000000E+000  -2.9821565606267528E-002  5.9192621580265898E-004  2.9827439579251059E-002
  2.7514651263664506E+000  2.7514651263664506E+000     880    880   1.9999999999999998E-002 0.0000000000000000E+000  -2.9675125143070598E-002 -2.3849965247307478E-003  2.9770812227412918E-002
  2.7835760431976463E+000  2.7835760431976463E+000     890    890   1.9999999999999998E-002 0.0000000000000000E+000  -2.9530811732684302E-002 -5.3993811848106112E-003  3.0020362402378348E-002
  2.8156661455863476E+000  2.8156661455863476E+000     900    900   1.9999999999999998E-002 0.0000000000000000E+000  -2.9439516689645085E-002 -7.9663389868941214E-003  3.0498322901005567E-002
  2.8477310531489843E+000  2.8477310531489843E+000     910    910   1.9999999999999998E-002 0.0000000000000000E+000  -2.9435814128633372E-002 -9.6068088955612207E-003  3.0963816472962220E-002
  2.8797694935020711E+000  2.8797694935020711E+000     920    920   1.9999999999999998E-002 0.0000000000000000E+000  -2.9511534603965294E-002 -9.9209356938115789E-003  3.1134476705443208E-002
  2.9117838320840530E+000  2.9117838320840530E+000     930    930   1.9999999999999998E-002 0.0000000000000000E+000  -2.9607855264168794E-002 -8.6624452910447118E-003  3.0849036480323182E-002
  2.9437800715439328E+000  2.9437800715439328E+000     940    940   1.9999999999999998E-002 0.0000000000000000E+000  -2.9638165094352689E-002 -5.8079846310265939E-003  3.0201879339444217E-002
  2.9757672603692100E+000  2.9757672603692100E+000     950    950   1.9999999999999998E-002 0.0000000000000000E+000  -2.9537602261754889E-002 -1.6043041764927139E-003  2.9581138234766077E-002
  3.0077563308100772E+000  3.0077563308100772E+000     960    960   1.9999999999999998E-002 0.0000000000000000E+000  -2.9311824127306774E-002  3.4311070490187187E-003  2.9511955700224090E-002
  3.0397584629986380E+000  3.0397584629986380E+000     970    970   1.9999999999999998E-002 0.0000000000000000E+000  -2.9048580934936637E-002  8.5669340095121260E-003  3.0285514898328869E-002
  3.0717831381049376E+000  3.0717831381049376E+000     980    980   1.9999999999999998E-002 0.0000000000000000E+000  -2.8875566663330566E-002  1.2956982276596533E-002  3.1649356073141268E-002
  3.1038361072814355E+000  3.1038361072814355E+000     990    990   1.9999999999999998E-002 0.0000000000000000E+000  -2.8880120701888060E-002  1.5754819461924176E-002  3.2897959025347578E-002
  3.1359175713902627E+000  3.1359175713902627E+000    1000   1000   1.9999999999999998E-002 0.0000000000000000E+000  -2.9029070532903622E-002  1.6235773048439579E-002  3.3260896898380996E-002
  3.1680209328017689E+000  3.1680209328017689E+000    1010   1010   1.9999999999999998E-002 0.0000000000000000E+000  -2.9143853911202416E-002  1.3943612390428230E-002  3.2307716528594405E-002
  3.2001325125401804E+000  3.2001325125401804E+000    1020   1020   1.9999999999999998E-002 0.0000000000000000E+000  -2.8987904920674253E-002  8.8636935823596818E-003  3.0312764565641563E-002
  3.2322325640972104E+000  3.2322325640972104E+000    1030   1030   1.9999999999999998E-002 0.0000000000000000E+000  -2.8449576862233790E-002  1.5460652756995870E-003  2.8491555617004706E-002
  3.2642977188099218E+000  3.2642977188099218E+000    1040   1040   1.9999999999999998E-002 0.0000000000000000E+000  -2.7676627840847953E-002 -6.9340972470375730E-003  2.8532042220496137E-002
  3.2963046687533834E+000  3.2963046687533834E+000    1050   1050   1.9999999999999998E-002 0.0000000000000000E+000  -2.7027190061947590E-002 -1.5179599404106875E-002  3.0998213508423360E-002
  3.3282345128186046E+000  3.3282345128186046E+000    1060   1060   1.9999999999999998E-002 0.0000000000000000E+000  -2.6865678472975536E-002 -2.1715587125762927E-002  3.4544629163299780E-002
  3.3600769026865644E+000  3.3600769026865644E+000    1070   1070   1.9999999999999998E-002 0.0000000000000000E+000  -2.7322518971490672E-002 -2.5179627448172521E-002  3.7155533657535197E-002
  3.3918330365027973E+000  3.3918330365027973E+000    1080   1080   1.9999999999999998E-002 0.0000000000000000E+000  -2.8119723393705884E-002 -2.4490595432028428E-002  3.7289517405751197E-002
  3.4235167216516662E+000  3.4235167216516662E+000    1090   1090   1.9999999999999998E-002 0.0000000000000000E+000  -2.8619005933153420E-002 -1.9131624559472044E-002  3.4424795698543579E-002
  3.4551531287546830E+000  3.4551531287546830E+000    1100   1100   1.9999999999999998E-002 0.0000000000000000E+000  -2.8267344759481606E-002 -9.5295264229581206E-003  2.9830431669643150E-002
  3.4867753121515834E+000  3.4867753121515834E+000    1110   1110   1.9999999999999998E-002 0.0000000000000000E+000  -2.7141529222249429E-002  2.8523446508340587E-003  2.7290996290523388E-002
  3.5184189141902320E+000  3.5184189141902320E+000    1120   1120   1.9999999999999998E-002 0.0000000000000000E+000  -2.5951477998787182E-002  1.5889519246317343E-002  3.0429525665061301E-002
  3.5501156664200537E+000  3.5501156664200537E+000    1130   1130   1.9999999999999998E-002 0.0000000000000000E+000  -2.5524998857119727E-002  2.7256876852814211E-002  3.7342507982531687E-002
  3.5818864538270815E+000  3.5818864538270815E+000    1140   1140   1.9999999999999998E-002 0.0000000000000000E+000  -2.6235301544780655E-002  3.4681241984893032E-002  4.3486544962324575E-002
  3.6137349958136093E+000  3.6137349958136093E+000    1150   1150   1.9999999999999998E-002 0.0000000000000000E+000  -2.7526286476597818E-002  3.6093386933132376E-002  4.5391948928158427E-002
  3.6456436844966217E+000  3.6456436844966217E+000    1160   1160   1.9999999999999998E-002 0.0000000000000000E+000  -2.7868882952554403E-002  3.0163928098401586E-002  4.1067471255833591E-002
  3.6775735161908449E+000  3.6775735161908449E+000    1170   1170   1.9999999999999998E-002 0.0000000000000000E+000  -2.6149685927777279E-002  1.7405046841795936E-002  3.1412445458551996E-002
  3.7094696840740897E+000  3.7094696840740897E+000    1180   1180   1.9999999999999998E-002 0.0000000000000000E+000  -2.3254047761415219E-002  2.7602063614588518E-004  2.3255685857049206E-002
  3.7412727725445980E+000  3.7412727725445980E+000    1190   1190   1.9999999999999998E-002 0.0000000000000000E+000  -2.1162738755534671E-002 -1.8010622923652874E-002  2.7789279402910387E-002
  3.7729330520782626E+000  3.7729330520782626E+000    1200   1200   1.9999999999999998E-002 0.0000000000000000E+000  -2.1294253548725534E-002 -3.4164180964361756E-002  4.0257129743227695E-002
  3.8044236007326288E+000  3.8044236007326288E+000    1210   1210   1.9999999999999998E-002 0.0000000000000000E+000  -2.3724921851383653E-002 -4.4943889768209004E-002  5.0821502775411744E-002
  3.8357481440598860E+000  3.8357481440598860E+000    1220   1220   1.9999999999999998E-002 0.0000000000000000E+000  -2.6642555055260923E-002 -4.7307800094072671E-002  5.4294140472184944E-002
  3.8669415262847337E+000  3.8669415262847337E+000    1230   1230   1.9999999999999998E-002 0.0000000000000000E+000  -2.6792590397141009E-002 -3.9527588350581970E-002  4.7752205614003173E-002
  3.8980632734660902E+000  3.8980632734660902E+000    1240   1240   1.9999999999999998E-002 0.0000000000000000E+000  -2.3247751879683633E-002 -2.3124381733407552E-002  3.2790166178470130E-002
  3.9291864589528504E+000  3.9291864589528504E+000    1250   1250   1.9999999999999998E-002 0.0000000000000000E+000  -1.9080101755353105E-002 -1.5947780410285419E-003  1.9146634168823917E-002
  3.9603843707210035E+000  3.9603843707210035E+000    1260   1260   1.9999999999999998E-002 0.0000000000000000E+000  -1.7372307670902509E-002  2.1576286204398709E-002  2.7700779775786532E-002
  3.9917166319919857E+000  3.9917166319919857E+000    1270   1270   1.9999999999999998E-002 0.0000000000000000E+000  -1.9311334953402610E-002  4.2448317358154570E-002  4.6634614871585631E-002
  4.0231590776486010E+000  4.0231590776486010E+000    1280   1280   1.9999999999999998E-002 0.0000000000000000E+000  -2.3667902772562356E-002  5.6222200761476450E-002  6.1000864584981320E-002
  4.0544187532286439E+000  4.0544187532286439E+000    1290   1290   1.9999999999999998E-002 0.0000000000000000E+000  -2.5557508661809005E-002  5.7894616836720818E-002  6.3284855278882954E-002
  4.0855541423337555E+000  4.0855541423337555E+000    1300   1300   1.9999999999999998E-002 0.0000000000000000E+000  -2.0398385325056787E-002  4.6465194557480575E-002  5.0745526198217856E-002
  4.1167026211461008E+000  4.1167026211461008E+000    1310   1310   1.9999999999999998E-002 0.0000000000000000E+000  -1.2350954125574740E-002  2.6131786357495041E-002  2.8903569434341767E-002
  4.1479979253384993E+000  4.1479979253384993E+000    1320   1320   1.9999999999999998E-002 0.0000000000000000E+000  -7.6599214227744338E-003  2.3361819809292816E-004  7.6634831288102205E-003
  4.1794861984312943E+000  4.1794861984312943E+000    1330   1330   1.9999999999999998E-002 0.0000000000000000E+000  -8.4770782876364876E-003 -2.7763044686951445E-002  2.9028391388163083E-002
  4.2108097097566545E+000  4.2108097097566545E+000    1340   1340   1.9999999999999998E-002 0.0000000000000000E+000  -1.4675179394943791E-002 -5.2278900249491142E-002  5.4299579202513426E-002
  4.2418957412098956E+000  4.2418957412098956E+000    1350   1350   1.9999999999999998E-002 0.0000000000000000E+000  -2.2053077688705537E-002 -6.6479831443497774E-002  7.0042174611443623E-002
  4.2727880268353084E+000  4.2727880268353084E+000    1360   1360   1.9999999999999998E-002 0.0000000000000000E+000  -2.1416306208313979E-002 -6.4198971297326243E-002  6.7676924333506667E-002
  4.3035694070959511E+000  4.3035694070959511E+000    1370   1370   1.9999999999999998E-002 0.0000000000000000E+000  -1.1840155288266822E-002 -4.8038683392439525E-002  4.9476301188845130E-002
  4.3343435740358255E+000  4.3343435740358255E+000    1380   1380   1.9999999999999998E-002 0.0000000000000000E+000  -3.9717099523260483E-003 -2.3598757910351371E-002  2.3930646770548791E-002
  4.3652158110681220E+000  4.3652158110681220E+000    1390   1390   1.9999999999999998E-002 0.0000000000000000E+000  -2.2520979183364269E-003  6.8949135547254734E-003  7.2533976839073375E-003
  4.3962745031994536E+000  4.3962745031994536E+000    1400   1400   1.9999999999999998E-002 0.0000000000000000E+000  -7.0800541051184806E-003  3.8929593286585886E-002  3.9568174074505865E-002
  4.4273661244808586E+000  4.4273661244808586E+000    1410   1410   1.9999999999999998E-002 0.0000000000000000E+000  -1.6397573525725119E-002  6.5229009121000816E-002  6.7258486813480793E-002
  4.4581568236971511E+000  4.4581568236971511E+000    1420   1420   1.9999999999999998E-002 0.0000000000000000E+000  -2.0160260005533992E-002  7.5517436154093777E-002  7.8162134354035925E-002
  4.4887848914605443E+000  4.4887848914605443E+000    1430   1430   1.9999999999999998E-002 0.0000000000000000E+000  -9.3358015622375170E-003  6.6480751135622782E-002  6.7133057895243286E-002
  4.5194251930963096E+000  4.5194251930963096E+000    1440   1440   1.9999999999999998E-002 0.0000000000000000E+000   3.2527216101934115E-003  4.6694334320432204E-002  4.6807489309956711E-002
  4.5502484982806850E+000  4.5502484982806850E+000    1450   1450   1.9999999999999998E-002 0.0000000000000000E+000   8.2776077848725986E-003  1.8003866701068268E-002  1.9815600087557744E-002
  4.5813952979780090E+000  4.5813952979780090E+000    1460   1460   1.9999999999999998E-002 0.0000000000000000E+000   5.6817113252848994E-003 -1.7124588446760289E-002  1.8042543419783882E-002
  4.6126343777389804E+000  4.6126343777389804E+000    1470   1470   1.9999999999999998E-002 0.0000000000000000E+000  -4.3944664066541188E-003 -5.1836619114385271E-002  5.2022556801920689E-002
  4.6435875242018163E+000  4.6435875242018163E+000    1480   1480   1.9999999999999998E-002 0.0000000000000000E+000  -1.6010207266519111E-002 -7.6041373910414593E-002  7.7708540604623266E-002
  4.6743091463333978E+000  4.6743091463333978E+000    1490   1490   1.9999999999999998E-002 0.0000000000000000E+000  -1.3227804872824771E-002 -7.7999136264102473E-002  7.9112831321471182E-002
  4.7049009630091847E+000  4.7049009630091847E+000    1500   1500   1.9999999999999998E-002 0.0000000000000000E+000   1.4682236939727424E-003 -6.2862711958010146E-002  6.2879855562264888E-002
  4.7354875435675243E+000  4.7354875435675243E+000    1510   1510   1.9999999999999998E-002 0.0000000000000000E+000   9.9368518416206956E-003 -3.8051485647162909E-002  3.9327555027977080E-002
  4.7661939015060763E+000  4.7661939015060763E+000    1520   1520   1.9999999999999998E-002 0.0000000000000000E+000   1.0131588328417402E-002 -3.6047895620783401E-003  1.0753770959221360E-002
  4.7971247088976411E+000  4.7971247088976411E+000    1530   1530   1.9999999999999998E-002 0.0000000000000000E+000   2.5860396656009272E-003  3.5140082879628620E-002  3.5235110698552225E-002
  4.8279836955559671E+000  4.8279836955559671E+000    1540   1540   1.9999999999999998E-002 0.0000000000000000E+000  -1.0337821483501552E-002  6.9268137717150377E-002  7.0035315775877364E-002
  4.8584990447992399E+000  4.8584990447992399E+000    1550   1550   1.9999999999999998E-002 0.0000000000000000E+000  -1.4149321093186935E-002  8.4291418690447468E-002  8.5470735063215776E-002
  4.8888443319203078E+000  4.8888443319203078E+000    1560   1560   1.9999999999999998E-002 0.0000000000000000E+000   1.4792498284793238E-003  7.5966701445330366E-002  7.5981102311950001E-002
  4.9192164056777887E+000  4.9192164056777887E+000    1570   1570   1.9999999999999998E-002 0.0000000000000000E+000   1.5002044887620431E-002  5.7048823574452551E-002  5.8988385484256067E-002
  4.9498052516521440E+000  4.9498052516521440E+000    1580   1580   1.9999999999999998E-002 0.0000000000000000E+000   1.8732837798089255E-002  2.6856266318776396E-002  3.2744133101283421E-002
  4.9807670743415251E+000  4.9807670743415251E+000    1590   1590   1.9999999999999998E-002 0.0000000000000000E+000   1.4202081189175778E-002 -1.2276992957571710E-002  1.8772950385706717E-002
  5.0119322836029116E+000  5.0119322836029116E+000    1600   1600   1.9999999999999998E-002 0.0000000000000000E+000   1.3566519650955348E-003 -5.2444490465507147E-002  5.2462034698828334E-002
  5.0427999908633909E+000  5.0427999908633909E+000    1610   1610   1.9999999999999998E-002 0.0000000000000000E+000  -1.2073246419723782E-002 -8.1372927747051004E-002  8.2263701893594340E-002
  5.0734220545314396E+000  5.0734220545314396E+000    1620   1620   1.9999999999999998E-002 0.0000000000000000E+000  -5.8386461045868927E-003 -8.3842435094560769E-002  8.4045485963972179E-002
  5.1039135951638918E+000  5.1039135951638918E+000    1630   1630   1.9999999999999998E-002 0.0000000000000000E+000   1.0919566625646279E-002 -6.8990444970747564E-002  6.9849255060835657E-002
  5.1344113359545797E+000  5.1344113359545797E+000    1640   1640   1.9999999999999998E-002 0.0000000000000000E+000   1.8213749644567782E-002 -4.3614836705531976E-002  4.7265152670495123E-002
  5.1650500146799762E+000  5.1650500146799762E+000    1650   1650   1.9999999999999998E-002 0.0000000000000000E+000   1.6709597399269733E-002 -6.5670190114149713E-003  1.7953728970382933E-002
  5.1959329234224513E+000  5.1959329234224513E+000    1660   1660   1.9999999999999998E-002 0.0000000000000000E+000   7.0012938622370501E-003  3.5767524693542753E-002  3.6446315841914511E-002
  5.2266363103439470E+000  5.2266363103439470E+000    1670   1670   1.9999999999999998E-002 0.0000000000000000E+000  -7.7566237687020755E-003  7.3169084357600349E-002  7.3579073913843400E-002
  5.2569943307473909E+000  5.2569943307473909E+000    1680   1680   1.9999999999999998E-002 0.0000000000000000E+000  -9.3777038507499010E-003  8.8320944344966285E-002  8.8817399981642104E-002
  5.2871954988399787E+000  5.2871954988399787E+000    1690   1690   1.9999999999999998E-002 0.0000000000000000E+000   9.2226569699572955E-003  7.9272210517808101E-002  7.9806896706770826E-002
  5.3174476719545307E+000  5.3174476719545307E+000    1700   1700   1.9999999999999998E-002 0.0000000000000000E+000   2.1757744664815463E-002  6.0288591007914513E-002  6.4094568089806918E-002
  5.3479484206990335E+000  5.3479484206990335E+000    1710   1710   1.9999999999999998E-002 0.0000000000000000E+000   2.3992459604774061E-002  2.8447090082268253E-002  3.7213909389304959E-002
  5.3788576988450884E+000  5.3788576988450884E+000    1720   1720   1.9999999999999998E-002 0.0000000000000000E+000   1.7726515549734489E-002 -1.3140302536625025E-002  2.2065740510778533E-002
  5.4099714728115086E+000  5.4099714728115086E+000    1730   1730   1.9999999999999998E-002 0.0000000000000000E+000   2.9296386359147007E-003 -5.5736976530561790E-002  5.5813917039618718E-002
  5.4407752702957985E+000  5.4407752702957985E+000    1740   1740   1.9999999999999998E-002 0.0000000000000000E+000  -1.0238895043181295E-002 -8.5177115749727150E-002  8.5790302593869558E-002
  5.4713353009689589E+000  5.4713353009689589E+000    1750   1750   1.9999999999999998E-002 0.0000000000000000E+000  -1.3828223885753585E-004 -8.5595263889271571E-002  8.5595375589173166E-002
  5.5017757832970719E+000  5.5017757832970719E+000    1760   1760   1.9999999999999998E-002 0.0000000000000000E+000   1.6572926165836756E-002 -7.0321525072403945E-002  7.2248036445338872E-002
  5.5322397901560247E+000  5.5322397901560247E+000    1770   1770   1.9999999999999998E-002 0.0000000000000000E+000   2.2331214199662894E-002 -4.3619752501203707E-002  4.9003733897505128E-002
  5.5628654092439724E+000  5.5628654092439724E+000    1780   1780   1.9999999999999998E-002 0.0000000000000000E+000   1.9309204646611657E-002 -4.5246058479205695E-003  1.9832232404945395E-002
  5.5937278064379798E+000  5.5937278064379798E+000    1790   1790   1.9999999999999998E-002 0.0000000000000000E+000   7.8668495880445368E-003  3.9608308071401324E-002  4.0381993397056961E-002
  5.6243240160418279E+000  5.6243240160418279E+000    1800   1800   1.9999999999999998E-002 0.0000000000000000E+000  -7.4408069168650987E-003  7.7402647164267923E-002  7.7759471420594294E-002
  5.6545894079545035E+000  5.6545894079545035E+000    1810   1810   1.9999999999999998E-002 0.0000000000000000E+000  -5.5288288739665150E-003  8.9864408950283785E-002  9.0034326479967905E-002
  5.6847218725271098E+000  5.6847218725271098E+000    1820   1820   1.9999999999999998E-002 0.0000000000000000E+000   1.4384588522627963E-002  7.9597342643548527E-002  8.0886669747738952E-002
  5.7149341557268913E+000  5.7149341557268913E+000    1830   1830   1.9999999999999998E-002 0.0000000000000000E+000   2.5320072175503796E-002  5.9642064307940048E-002  6.4794150120864912E-002
  5.7454250126587842E+000  5.7454250126587842E+000    1840   1840   1.9999999999999998E-002 0.0000000000000000E+000   2.6130203760595924E-002  2.5906216732998763E-002  3.6795646671683415E-002
  5.7763513384642584E+000  5.7763513384642584E+000    1850   1850   1.9999999999999998E-002 0.0000000000000000E+000   1.8291450311030587E-002 -1.7288399011638961E-002  2.5168748377035754E-002
  5.8074206871245639E+000  5.8074206871245639E+000    1860   1860   1.9999999999999998E-002 0.0000000000000000E+000   2.1250499067168986E-003 -6.0563420272826595E-002  6.0600690691188168E-002
  5.8381711075923510E+000  5.8381711075923510E+000    1870   1870   1.9999999999999998E-002 0.0000000000000000E+000  -9.2927180446292609E-003 -8.7919473876115876E-002  8.8409210466500613E-002
  5.8686883679472936E+000  5.8686883679472936E+000    1880   1880   1.9999999999999998E-002 0.0000000000000000E+000   4.3127501767575013E-003 -8.5351149559221202E-002  8.5460040634016003E-002
  5.8991031428194480E+000  5.8991031428194480E+000    1890   1890   1.9999999999999998E-002 0.0000000000000000E+000   1.9886934084134678E-002 -6.9178511555528530E-002  7.1980251515989523E-002
  5.9295615998060950E+000  5.9295615998060950E+000    1900   1900   1.9999999999999998E-002 0.0000000000000000E+000   2.4115329039156891E-002 -4.0636648537403834E-002  4.7253426320419231E-002
  5.9602016872948562E+000  5.9602016872948562E+000    1910   1910   1.9999999999999998E-002 0.0000000000000000E+000   1.9706485385608310E-002  1.4774957044561254E-004  1.9707039254762770E-002
  5.9910493893692606E+000  5.9910493893692606E+000    1920   1920   1.9999999999999998E-002 0.0000000000000000E+000   6.8221178603971486E-003  4.5045133037339724E-002  4.5558811468834257E-002
  6.0215640281197906E+000  6.0215640281197906E+000    1930   1930   1.9999999999999998E-002 0.0000000000000000E+000  -8.0414031311300089E-003  8.1471326750557579E-002  8.1867217167883907E-002
  6.0517705687547982E+000  6.0517705687547982E+000    1940   1940   1.9999999999999998E-002 0.0000000000000000E+000  -2.0236391482863278E-003  8.9985715804324808E-002  9.0008467180700222E-002
  6.0818731332937092E+000  6.0818731332937092E+000    1950   1950   1.9999999999999998E-002 0.0000000000000000E+000   1.7962292498962508E-002  7.8468701206849864E-002  8.0498329305074189E-002
  6.1120861507576087E+000  6.1120861507576087E+000    1960   1960   1.9999999999999998E-002 0.0000000000000000E+000   2.7175473952630131E-002  5.6939440733105888E-002  6.3092046214629595E-002
  6.1426062224122555E+000  6.1426062224122555E+000    1970   1970   1.9999999999999998E-002 0.0000000000000000E+000   2.6633055366323201E-002  2.1249048470153466E-002  3.4071127058443022E-002
  6.1735834584963669E+000  6.1735834584963669E+000    1980   1980   1.9999999999999998E-002 0.0000000000000000E+000   1.7300661875391439E-002 -2.3032804701608022E-002  2.8806648429642756E-002
  6.2046019289159248E+000  6.2046019289159248E+000    1990   1990   1.9999999999999998E-002 0.0000000000000000E+000   2.3758097107417088E-004 -6.5923966322183602E-002  6.5924394425479668E-002
  6.2353055473470933E+000  6.2353055473470933E+000    2000   2000   1.9999999999999998E-002 0.0000000000000000E+000  -8.3387528625494518E-003 -8.9692564233401803E-002  9.0079358779165303E-002
  6.2657910577560071E+000  6.2657910577560071E+000    2010   2010   1.9999999999999998E-002 0.0000000000000000E+000   8.0155180041506799E-003 -8.4138673575586224E-002  8.4519612634783864E-002
  6.2961939714069732E+000  6.2961939714069732E+000    2020   2020   1.9999999999999998E-002 0.0000000000000000E+000   2.1959322659295055E-002 -6.6725602907176044E-002  7.0246123985463917E-002
  6.3266617297721845E+000  6.3266617297721845E+000    2030   2030   1.9999999999999998E-002 0.0000000000000000E+000   2.4733504607226270E-002 -3.6112769763818941E-002  4.3770748110699209E-002
  6.3573302407697065E+000  6.3573302407697065E+000    2040   2040   1.9999999999999998E-002 0.0000000000000000E+000   1.8995430597298055E-002  6.0689834438135417E-003  1.9941387705424366E-002
  6.3881544913674357E+000  6.3881544913674357E+000    2050   2050   1.9999999999999998E-002 0.0000000000000000E+000   4.8887990559728757E-003  5.1092459757781201E-002  5.1325820015954670E-002
  6.4186017148585321E+000  6.4186017148585321E+000    2060   2060   1.9999999999999998E-002 0.0000000000000000E+000  -8.6831472129655935E-003  8.5008393800758437E-002  8.5450711302521380E-002
  6.4487675207203514E+000  6.4487675207203514E+000    2070   2070   1.9999999999999998E-002 0.0000000000000000E+000   1.4529848664538280E-003  8.9279463208814657E-002  8.9291285777931488E-002
  6.4788604379688221E+000  6.4788604379688221E+000    2080   2080   1.9999999999999998E-002 0.0000000000000000E+000   2.0643696793765600E-002  7.6578660682538339E-002  7.9312379167720532E-002
  6.5090948288214036E+000  6.5090948288214036E+000    2090   2090   1.9999999999999998E-002 0.0000000000000000E+000   2.8173618270386571E-002  5.3122359474050364E-002  6.0131005667090660E-002
  6.5396632943932200E+000  6.5396632943932200E+000    2100   2100   1.9999999999999998E-002 0.0000000000000000E+000   2.6322669561203286E-002  1.5561299969741311E-002  3.0578374541112691E-002
  6.5706911710112914E+000  6.5706911710112914E+000    2110   2110   1.9999999999999998E-002 0.0000000000000000E+000   1.5537391876057013E-002 -2.9428998060154970E-002  3.3278769104862750E-002
  6.6016576885291744E+000  6.6016576885291744E+000    2120   2120   1.9999999999999998E-002 0.0000000000000000E+000  -1.9759752951729707E-003 -7.1214847782547900E-002  7.1242255881313880E-002
  6.6323189843732999E+000  6.6323189843732999E+000    2130   2130   1.9999999999999998E-002 0.0000000000000000E+000  -6.9394671448218732E-003 -9.0567876077130371E-002  9.0833343995344062E-002
  6.6627796920324886E+000  6.6627796920324886E+000    2140   2140   1.9999999999999998E-002 0.0000000000000000E+000   1.1217529328385997E-002 -8.2423449499605485E-002  8.3183279519667987E-002
  6.6931790909559456E+000  6.6931790909559456E+000    2150   2150   1.9999999999999998E-002 0.0000000000000000E+000   2.3346777839765890E-002 -6.3499622415478285E-002  6.7655554704752045E-002
  6.7236647740071866E+000  6.7236647740071866E+000    2160   2160   1.9999999999999998E-002 0.0000000000000000E+000   2.4744945668103697E-002 -3.0772521458109340E-002  3.9487471595522594E-002
  6.7543694352855014E+000  6.7543694352855014E+000    2170   2170   1.9999999999999998E-002 0.0000000000000000E+000   1.7693679620900589E-002  1.2542135733378565E-002  2.1688048950552567E-002
  6.7851586232424274E+000  6.7851586232424274E+000    2180   2180   1.9999999999999998E-002 0.0000000000000000E+000   2.5804960079488119E-003  5.7223407567419428E-002  5.7281561896251007E-002
  6.8155470343011819E+000  6.8155470343011819E+000    2190   2190   1.9999999999999998E-002 0.0000000000000000E+000  -8.9209861693542276E-003  8.7794818054304428E-002  8.8246892701229029E-002
  6.8456828764367845E+000  6.8456828764367845E+000    2200   2200   1.9999999999999998E-002 0.0000000000000000E+000   4.9164646603149160E-003  8.8060747199402982E-002  8.8197884453501966E-002
  6.8757778662115907E+000  6.8757778662115907E+000    2210   2210   1.9999999999999998E-002 0.0000000000000000E+000   2.2731660644309021E-002  7.4184290866826918E-002  7.7588900024823193E-002
  6.9060451874458026E+000  6.9060451874458026E+000    2220   2220   1.9999999999999998E-002 0.0000000000000000E+000   2.8660805613159897E-002  4.8604946924876397E-002  5.6425904015490884E-002
  6.9366722313734765E+000  6.9366722313734765E+000    2230   2230   1.9999999999999998E-002 0.0000000000000000E+000   2.5518921413318325E-002  9.3375552679380131E-003  2.7173613828140590E-002
  6.9677404358571584E+000  6.9677404358571584E+000    2240   2240   1.9999999999999998E-002 0.0000000000000000E+000   1.3320532775690210E-002 -3.6049293317581603E-002  3.8431603429017521E-002
  6.9986559348307100E+000  6.9986559348307100E+000    2250   2250   1.9999999999999998E-002 0.0000000000000000E+000  -4.1473568761862864E-003 -7.6115043666744028E-002  7.6227950526357464E-002
  7.0292780656316082E+000  7.0292780656316082E+000    2260   2260   1.9999999999999998E-002 0.0000000000000000E+000  -4.9973671384290305E-003 -9.0644237249557768E-002  9.0781889299960951E-002
  7.0597186044684567E+000  7.0597186044684567E+000    2270   2270   1.9999999999999998E-002 0.0000000000000000E+000   1.3989624023273623E-002 -8.0377687558428867E-002  8.1586041928463259E-002
  7.0901198202152722E+000  7.0901198202152722E+000    2280   2280   1.9999999999999998E-002 0.0000000000000000E+000   2.4277640409428187E-002 -5.9710515351078274E-002  6.4457346108421607E-002
  7.1206286970186578E+000  7.1206286970186578E+000    2290   2290   1.9999999999999998E-002 0.0000000000000000E+000   2.4360653911208149E-002 -2.4928416341147987E-002  3.4854948002532939E-002
  7.1513739223767931E+000  7.1513739223767931E+000    2300   2300   1.9999999999999998E-002 0.0000000000000000E+000   1.5994051413211300E-002  1.9277272759413573E-002  2.5048411639249206E-002
  7.1821118512978623E+000  7.1821118512978623E+000    2310   2310   1.9999999999999998E-002 0.0000000000000000E+000   1.3643293516388326E-004  6.3193551213470096E-002  6.3193698490555716E-002
  7.2124478508636862E+000  7.2124478508636862E+000    2320   2320   1.9999999999999998E-002 0.0000000000000000E+000  -8.5513659539670836E-003  8.9762274827329449E-002  9.0168685483684889E-002
  7.2425614163783853E+000  7.2425614163783853E+000    2330   2330   1.9999999999999998E-002 0.0000000000000000E+000   8.2950011205870737E-003  8.6523528892807579E-002  8.6920239850422920E-002
  7.2726665105435879E+000  7.2726665105435879E+000    2340   2340   1.9999999999999998E-002 0.0000000000000000E+000   2.4395220978647591E-002  7.1387852830810949E-002  7.5441052076376635E-002
  7.3029743274084131E+000  7.3029743274084131E+000    2350   2350   1.9999999999999998E-002 0.0000000000000000E+000   2.8811182124166766E-002  4.3589955818319960E-002  5.2251013996237363E-002
  7.3336661451282738E+000  7.3336661451282738E+000    2360   2360   1.9999999999999998E-002 0.0000000000000000E+000   2.4374628505171460E-002  2.8097347601768669E-003  2.4536037255181679E-002
  7.3647574997268208E+000  7.3647574997268208E+000    2370   2370   1.9999999999999998E-002 0.0000000000000000E+000   1.0824107325523735E-002 -4.2695565185520436E-002  4.4046255072429048E-002
  7.3956235523727169E+000  7.3956235523727169E+000    2380   2380   1.9999999999999998E-002 0.0000000000000000E+000  -6.0286240709974014E-003 -8.0455403194238783E-002  8.0680953212867621E-002
  7.4262096839678060E+000  7.4262096839678060E+000    2390   2390   1.9999999999999998E-002 0.0000000000000000E+000  -2.5432267462576265E-003 -9.0078799765471693E-002  9.0114694525758807E-002
  7.4566340964122037E+000  7.4566340964122037E+000    2400   2400   1.9999999999999998E-002 0.0000000000000000E+000   1.6399486297131787E-002 -7.8081893057435944E-002  7.9785494760906745E-002
  7.4870413901020382E+000  7.4870413901020382E+000    2410   2410   1.9999999999999998E-002 0.0000000000000000E+000   2.4902650227187805E-002 -5.5481034700420721E-002  6.0813544542042148E-002
  7.5175773385667481E+000  7.5175773385667481E+000    2420   2420   1.9999999999999998E-002 0.0000000000000000E+000   2.3712249069807378E-002 -1.8762314944024378E-002  3.0237314993354509E-002
  7.5483659977081707E+000  7.5483659977081707E+000    2430   2430   1.9999999999999998E-002 0.0000000000000000E+000   1.4024462334211169E-002  2.6117493746740989E-002  2.9644713244940700E-002
  7.5790380703951081E+000  7.5790380703951081E+000    2440   2440   1.9999999999999998E-002 0.0000000000000000E+000  -2.2544939197480751E-003  6.8852480186508486E-002  6.8889380681406366E-002
  7.6093269919684258E+000  7.6093269919684258E+000    2450   2450   1.9999999999999998E-002 0.0000000000000000E+000  -7.4696045164853082E-003  9.0925404918133452E-002  9.1231706391797935E-002
  7.6394244272425186E+000  7.6394244272425186E+000    2460   2460   1.9999999999999998E-002 0.0000000000000000E+000   1.1519868593473330E-002  8.4785721143153409E-002  8.5564746725362663E-002
  7.6695458027625642E+000  7.6695458027625642E+000    2470   2470   1.9999999999999998E-002 0.0000000000000000E+000   2.5746759413528148E-002  6.8237181405577178E-002  7.2932904415467696E-002
  7.6998996437353470E+000  7.6998996437353470E+000    2480   2480   1.9999999999999998E-002 0.0000000000000000E+000   2.8727273931672776E-002  3.8200085676788656E-002  4.7796472811906953E-002
  7.7306603168629983E+000  7.7306603168629983E+000    2490   2490   1.9999999999999998E-002 0.0000000000000000E+000   2.2975100297462787E-002 -3.8899834755449154E-003  2.3302085853384175E-002
  7.7617572733666175E+000  7.7617572733666175E+000    2500   2500   1.9999999999999998E-002 0.0000000000000000E+000   8.1666315305649028E-003 -4.9246579477736434E-002  4.9919129207279127E-002
  7.7925755491171866E+000  7.7925755491171866E+000    2510   2510   1.9999999999999998E-002 0.0000000000000000E+000  -7.4305550624878025E-003 -8.4112448361355891E-002  8.4440020830637099E-002
  7.8231287234619779E+000  7.8231287234619779E+000    2520   2520   1.9999999999999998E-002 0.0000000000000000E+000   3.0340544084878069E-004 -8.9019122845960652E-002  8.9019639895507172E-002
  7.8535407418665794E+000  7.8535407418665794E+000    2530   2530   1.9999999999999998E-002 0.0000000000000000E+000   1.8481334781385358E-002 -7.5546601890766984E-002  7.7774345336644792E-002
  7.8839579307740095E+000  7.8839579307740095E+000    2540   2540   1.9999999999999998E-002 0.0000000000000000E+000   2.5290018955220925E-002 -5.0867939236803936E-002  5.6807854218889586E-002
  7.9145242964034965E+000  7.9145242964034965E+000    2550   2550   1.9999999999999998E-002 0.0000000000000000E+000   2.2848262787407249E-002 -1.2369433092449140E-002  2.5981647126981668E-002
  7.9453436675502953E+000  7.9453436675502953E+000    2560   2560   1.9999999999999998E-002 0.0000000000000000E+000   1.1850331073934505E-002  3.2954506793776605E-002  3.5020420679696666E-002
  7.9759478022080338E+000  7.9759478022080338E+000    2570   2570   1.9999999999999998E-002 0.0000000000000000E+000  -4.4518320225307856E-003  7.4072847273435815E-002  7.4206505857307272E-002
  8.0061944197550065E+000  8.0061944197550065E+000    2580   2580   1.9999999999999998E-002 0.0000000000000000E+000  -5.6840639901387923E-003  9.1335747532884354E-002  9.1512443748567786E-002
  8.0362811076353644E+000  8.0362811076353644E+000    2590   2590   1.9999999999999998E-002 0.0000000000000000E+000   1.4505680320580820E-002  8.2888005718890678E-002  8.4147704981287176E-002
  8.0664240496027233E+000  8.0664240496027233E+000    2600   2600   1.9999999999999998E-002 0.0000000000000000E+000   2.6825415578531663E-002  6.4733934088925346E-002  7.0071999711655594E-002
  8.0968284659416838E+000  8.0968284659416838E+000    2610   2610   1.9999999999999998E-002 0.0000000000000000E+000   2.8433973912507418E-002  3.2496330871625418E-002  4.3179884119521529E-002
  8.1276610230534611E+000  8.1276610230534611E+000    2620   2620   1.9999999999999998E-002 0.0000000000000000E+000   2.1336687442532902E-002 -1.0696908621082339E-002  2.3867930054115018E-002
  8.1587438350038929E+000  8.1587438350038929E+000    2630   2630   1.9999999999999998E-002 0.0000000000000000E+000   5.4194555180965133E-003 -5.5614483974138719E-002  5.5877914472735632E-002
  8.1895160490801153E+000  8.1895160490801153E+000    2640   2640   1.9999999999999998E-002 0.0000000000000000E+000  -8.2224064104524057E-003 -8.6995767034807425E-002  8.7383473547079457E-002
  8.2200391889526720E+000  8.2200391889526720E+000    2650   2650   1.9999999999999998E-002 0.0000000000000000E+000   3.3674796452962736E-003 -8.7592225711767817E-002  8.7656933121703293E-002
  8.2504422882282550E+000  8.2504422882282550E+000    2660   2660   1.9999999999999998E-002 0.0000000000000000E+000   2.0247063916162035E-002 -7.2750068106704555E-002  7.5515005176158878E-002
  8.2808728300348839E+000  8.2808728300348839E+000    2670   2670   1.9999999999999998E-002 0.0000000000000000E+000   2.5461952350520693E-002 -4.5900535503173562E-002  5.2489714963774405E-002
  8.3114725255291901E+000  8.3114725255291901E+000    2680   2680   1.9999999999999998E-002 0.0000000000000000E+000   2.1775644309924175E-002 -5.8052195521843525E-003  2.2536176675767269E-002
  8.3423064253028442E+000  8.3423064253028442E+000    2690   2690   1.9999999999999998E-002 0.0000000000000000E+000   9.5069557878186046E-003  3.9726714911811630E-002  4.0848428195414010E-002
  8.3728459903298144E+000  8.3728459903298144E+000    2700   2700   1.9999999999999998E-002 0.0000000000000000E+000  -6.3296692456561531E-003  7.8746724077363410E-002  7.9000704209999375E-002
  8.4030550159744343E+000  8.4030550159744343E+000    2710   2710   1.9999999999999998E-002 0.0000000000000000E+000  -3.2794187680873916E-003  9.1091305084070981E-002  9.1150317878632662E-002
  8.4331361105752424E+000  8.4331361105752424E+000    2720   2720   1.9999999999999998E-002 0.0000000000000000E+000   1.7200636420246140E-002  8.0831982692343817E-002  8.2641825483449178E-002
  8.4633055517072950E+000  8.4633055517072950E+000    2730   2730   1.9999999999999998E-002 0.0000000000000000E+000   2.7658020184937530E-002  6.0874054455962127E-002  6.6862669603133966E-002
  8.4937646347143456E+000  8.4937646347143456E+000    2740   2740   1.9999999999999998E-002 0.0000000000000000E+000   2.7942264367898252E-002  2.6523463942717984E-002  3.8526150567194976E-002
  8.5246715236290295E+000  8.5246715236290295E+000    2750   2750   1.9999999999999998E-002 0.0000000000000000E+000   1.9468434172500240E-002 -1.7569536855033261E-002  2.6224197879617734E-002
  8.5557213878907685E+000  8.5557213878907685E+000    2760   2760   1.9999999999999998E-002 0.0000000000000000E+000   2.6588266875073425E-003 -6.1723203890352440E-002  6.1780443975777803E-002
  8.5864494844936931E+000  8.5864494844936931E+000    2770   2770   1.9999999999999998E-002 0.0000000000000000E+000  -8.3088496996297731E-003 -8.9061648551189946E-002  8.9448388615931548E-002
  8.6169455980825446E+000  8.6169455980825446E+000    2780   2780   1.9999999999999998E-002 0.0000000000000000E+000   6.4833930622895143E-003 -8.5901267637906180E-002  8.6145587045415918E-002
  8.6473432156184024E+000  8.6473432156184024E+000    2790   2790   1.9999999999999998E-002 0.0000000000000000E+000   2.1720673071301836E-002 -6.9666160911362844E-002  7.2973704954581251E-002
  8.6777904306148574E+000  8.6777904306148574E+000    2800   2800   1.9999999999999998E-002 0.0000000000000000E+000   2.5437207359642854E-002 -4.0605121261744656E-002  4.7914793028233528E-002
  8.7084261438529413E+000  8.7084261438529413E+000    2810   2810   1.9999999999999998E-002 0.0000000000000000E+000   2.0499019963971112E-002  8.9043226183242722E-004  2.0518350057843299E-002
  8.7392561632406824E+000  8.7392561632406824E+000    2820   2820   1.9999999999999998E-002 0.0000000000000000E+000   7.0360668676330515E-003  4.6381978947899993E-002  4.6912623120960121E-002
  8.7697347267741498E+000  8.7697347267741498E+000    2830   2830   1.9999999999999998E-002 0.0000000000000000E+000  -7.7569760637821101E-003  8.2773234010204568E-002  8.3135906479463947E-002
  8.7999108826004821E+000  8.7999108826004821E+000    2840   2840   1.9999999999999998E-002 0.0000000000000000E+000  -3.9336941092241591E-004  9.0317111306060198E-002  9.0317967947494910E-002
  8.8299914071949245E+000  8.8299914071949245E+000    2850   2850   1.9999999999999998E-002 0.0000000000000000E+000   1.9584886660126858E-002  7.8596332557163686E-002  8.0999699239727327E-002
  8.8601920400674529E+000  8.8601920400674529E+000    2860   2860   1.9999999999999998E-002 0.0000000000000000E+000   2.8265707777816633E-002  5.6657566187362542E-002  6.3316901712388702E-002
  8.8907095309247932E+000  8.8907095309247932E+000    2870   2870   1.9999999999999998E-002 0.0000000000000000E+000   2.7256424058783328E-002  2.0322560086306102E-002  3.3998810287034229E-002
  8.9216899735266075E+000  8.9216899735266075E+000    2880   2880   1.9999999999999998E-002 0.0000000000000000E+000   1.7381060854506258E-002 -2.4467217681670971E-002  3.0012431049655452E-002
  8.9526897152287840E+000  8.9526897152287840E+000    2890   2890   1.9999999999999998E-002 0.0000000000000000E+000  -2.4821242062012740E-005 -6.7484988449460647E-002  6.7484993014135330E-002
  8.9833758339564955E+000  8.9833758339564955E+000    2900   2900   1.9999999999999998E-002 0.0000000000000000E+000  -7.6448584552665526E-003 -9.0308496111866940E-002  9.0631497454186131E-002
  9.0138480057125036E+000  9.0138480057125036E+000    2910   2910   1.9999999999999998E-002 0.0000000000000000E+000   9.5065364667605365E-003 -8.4013138874216810E-002  8.4549285857967415E-002
  9.0442435518601378E+000  9.0442435518601378E+000    2920   2920   1.9999999999999998E-002 0.0000000000000000E+000   2.2923103132577029E-002 -6.6271121812983384E-002  7.0123678194872551E-002
  9.0747106440094498E+000  9.0747106440094498E+000    2930   2930   1.9999999999999998E-002 0.0000000000000000E+000   2.5225037558243155E-002 -3.5011183922709667E-002  4.3151888944570924E-002
  9.1053848588889820E+000  9.1053848588889820E+000    2940   2940   1.9999999999999998E-002 0.0000000000000000E+000   1.9018285524060946E-002  7.6811674820290569E-003  2.0510863418239781E-002
  9.1361947643321634E+000  9.1361947643321634E+000    2950   2950   1.9999999999999998E-002 0.0000000000000000E+000   4.4847566721959886E-003  5.2866232743259269E-002  5.3056117525439647E-002
  9.1666160740264253E+000  9.1666160740264253E+000    2960   2960   1.9999999999999998E-002 0.0000000000000000E+000  -8.6123524606229100E-003  8.6066824362860590E-002  8.6496652367669639E-002
  9.1967641093981864E+000  9.1967641093981864E+000    2970   2970   1.9999999999999998E-002 0.0000000000000000E+000   2.8016577931053356E-003  8.9142399922941955E-002  8.9186415728021000E-002
  9.2268490090057149E+000  9.2268490090057149E+000    2980   2980   1.9999999999999998E-002 0.0000000000000000E+000   2.1658026793596603E-002  7.6146338684251455E-002  7.9166501878059998E-002
  9.2570853606887837E+000  9.2570853606887837E+000    2990   2990   1.9999999999999998E-002 0.0000000000000000E+000   2.8662444117160505E-002  5.2087645321290141E-002  5.9452994019526617E-002
  9.2876647332090573E+000  9.2876647332090573E+000    3000   3000   1.9999999999999998E-002 0.0000000000000000E+000   2.6373482936070216E-002  1.3928748433877287E-002  2.9825670740377754E-002
  9.3187024562563021E+000  9.3187024562563021E+000    3010   3010   1.9999999999999998E-002 0.0000000000000000E+000   1.5093264593182345E-002 -3.1334660667580367E-002  3.4780275951064854E-002
  9.3496511383950657E+000  9.3496511383950657E+000    3020   3020   1.9999999999999998E-002 0.0000000000000000E+000  -2.5291549249860536E-003 -7.2807941901917292E-002  7.2851856727385788E-002
  9.3802975754733335E+000  9.3802975754733335E+000    3030   3030   1.9999999999999998E-002 0.0000000000000000E+000  -6.2467595620784681E-003 -9.0783696620018030E-002  9.0998360298534457E-002
  9.4107489488969928E+000  9.4107489488969928E+000    3040   3040   1.9999999999999998E-002 0.0000000000000000E+000   1.2331125042967268E-002 -8.1956678947857177E-002  8.2879152197566732E-002
  9.4411458123861695E+000  9.4411458123861695E+000    3050   3050   1.9999999999999998E-002 0.0000000000000000E+000   2.3874232582981078E-002 -6.2544262056560322E-002  6.6945975962905848E-002
  9.4716358937698981E+000  9.4716358937698981E+000    3060   3060   1.9999999999999998E-002 0.0000000000000000E+000   2.4829235269623395E-002 -2.9146399214581922E-002  3.8288425290811996E-002
  9.5023509269105677E+000  9.5023509269105677E+000    3070   3070   1.9999999999999998E-002 0.0000000000000000E+000   1.7332418508999811E-002  1.4539035023498854E-002  2.2622914727895819E-002
  9.5331225530854837E+000  9.5331225530854837E+000    3080   3080   1.9999999999999998E-002 0.0000000000000000E+000   1.9126666248258331E-003  5.9115792391501278E-002  5.9146726060643484E-002
  9.5634905614344258E+000  9.5634905614344258E+000    3090   3090   1.9999999999999998E-002 0.0000000000000000E+000  -8.7953041280878654E-003  8.8567597082281466E-002  8.9003239422140776E-002
  9.5936152812974082E+000  9.5936152812974082E+000    3100   3100   1.9999999999999998E-002 0.0000000000000000E+000   6.1255971050514732E-003  8.7681666809750495E-002  8.7895378913965185E-002
  9.6237094484635203E+000  9.6237094484635203E+000    3110   3110   1.9999999999999998E-002 0.0000000000000000E+000   2.3431679419303055E-002  7.3445107810898573E-002  7.7092330758406220E-002
  9.6539858988698536E+000  9.6539858988698536E+000    3120   3120   1.9999999999999998E-002 0.0000000000000000E+000   2.8858657360553440E-002  4.7175191937103253E-002  5.5302087112118627E-002
  9.6846303649611602E+000  9.6846303649611602E+000    3130   3130   1.9999999999999998E-002 0.0000000000000000E+000   2.5288221528100076E-002  7.3762445006413086E-003  2.6342041131763220E-002
  9.7157059597778445E+000  9.7157059597778445E+000    3140   3140   1.9999999999999998E-002 0.0000000000000000E+000   1.2627187822111149E-002 -3.8131187999098102E-002  4.0167566151279752E-002
  9.7466046416837297E+000  9.7466046416837297E+000    3150   3150   1.9999999999999998E-002 0.0000000000000000E+000  -4.7356043598842312E-003 -7.7590191352793311E-002  7.7734572378166699E-002
  9.7772138718004306E+000  9.7772138718004306E+000    3160   3160   1.9999999999999998E-002 0.0000000000000000E+000  -4.1944614562885167E-003 -9.0576706007188079E-002  9.0673773374779482E-002
  9.8076476624305914E+000  9.8076476624305914E+000    3170   3170   1.9999999999999998E-002 0.0000000000000000E+000   1.4889734666715385E-002 -7.9731605185524232E-002  8.1110005941964402E-002
  9.8380492120636979E+000  9.8380492120636979E+000    3180   3180   1.9999999999999998E-002 0.0000000000000000E+000   2.4591452348096938E-002 -5.8474785354332219E-002  6.3435321791758472E-002
  9.8685652910240388E+000  9.8685652910240388E+000    3190   3190   1.9999999999999998E-002 0.0000000000000000E+000   2.4250463897465839E-002 -2.3044261143655941E-002  3.3453295366814090E-002
  9.8993232652116702E+000  9.8993232652116702E+000    3200   3200   1.9999999999999998E-002 0.0000000000000000E+000   1.5444592237340984E-002  2.1432536423561461E-002  2.6417589725881920E-002
  9.9300407676315067E+000  9.9300407676315067E+000    3210   3210   1.9999999999999998E-002 0.0000000000000000E+000  -6.0582619749396826E-004  6.5057616545243162E-002  6.5060437255904357E-002
  9.9603595989223006E+000  9.9603595989223006E+000    3220   3220   1.9999999999999998E-002 0.0000000000000000E+000  -8.2429790314612034E-003  9.0254308821324045E-002  9.0629945184403819E-002
  9.9904658491808717E+000  9.9904658491808717E+000    3230   3230   1.9999999999999998E-002 0.0000000000000000E+000   9.4166962986460163E-003  8.6018836915660994E-002  8.6532736426765186E-002
  1.0020574125002097E+001  1.0020574125002097E+001    3240   3240   1.9999999999999998E-002 0.0000000000000000E+000   2.4923429750632051E-002  7.0457978787543718E-002  7.4736230339512381E-002
  1.0050894916441477E+001  1.0050894916441477E+001    3250   3250   1.9999999999999998E-002 0.0000000000000000E+000   2.8861776016627578E-002  4.1936699006283246E-002  5.0908632257973467E-002
  1.0081607435988877E+001  1.0081607435988877E+001    3260   3260   1.9999999999999998E-002 0.0000000000000000E+000   2.3994133388982579E-002  6.9553634816726788E-004  2.4004212294926707E-002
  1.0112702170249294E+001  1.0112702170249294E+001    3270   3270   1.9999999999999998E-002 0.0000000000000000E+000   1.0012210204388258E-002 -4.4817354035425864E-002  4.5922103348099811E-002
  1.0143552149016039E+001  1.0143552149016039E+001    3280   3280   1.9999999999999998E-002 0.0000000000000000E+000  -6.5182345902531961E-003 -8.1733350721771120E-002  8.1992853361629123E-002
  1.0174126784475205E+001  1.0174126784475205E+001    3290   3290   1.9999999999999998E-002 0.0000000000000000E+000  -1.6214284115577671E-003 -8.9805708875756646E-002  8.9820345004742456E-002
  1.0204546256528228E+001  1.0204546256528228E+001    3300   3300   1.9999999999999998E-002 0.0000000000000000E+000   1.7151118192198202E-002 -7.7315472073880764E-002  7.9194968762224968E-002
  1.0234955835862680E+001  1.0234955835862680E+001    3310   3310   1.9999999999999998E-002 0.0000000000000000E+000   2.5090325769143095E-002 -5.4057524400268794E-002  5.9596479690392643E-002
  1.0265500826446583E+001  1.0265500826446583E+001    3320   3320   1.9999999999999998E-002 0.0000000000000000E+000   2.3486345820336369E-002 -1.6735352153522747E-002  2.8838870499637291E-002
  1.0296300532529216E+001  1.0296300532529216E+001    3330   3330   1.9999999999999998E-002 0.0000000000000000E+000   1.3363294118718340E-002  2.8328755082466248E-002  3.1322451919122324E-002
  1.0326949496940849E+001  1.0326949496940849E+001    3340   3340   1.9999999999999998E-002 0.0000000000000000E+000  -2.9792216195068856E-003  7.0605955450163113E-002  7.0668781696648448E-002
  1.0357223444048846E+001  1.0357223444048846E+001    3350   3350   1.9999999999999998E-002 0.0000000000000000E+000  -6.9452395321272311E-003  9.1150962097905150E-002  9.1415175127176588E-002
  1.0387316107724424E+001  1.0387316107724424E+001    3360   3360   1.9999999999999998E-002 0.0000000000000000E+000   1.2547001215589648E-002  8.4201295924149910E-002  8.5130990096499363E-002
  1.0417443273052791E+001  1.0417443273052791E+001    3370   3370   1.9999999999999998E-002 0.0000000000000000E+000   2.6151591587671783E-002  6.7156879541057774E-002  7.2069079446462547E-002
  1.0447812492340464E+001  1.0447812492340464E+001    3380   3380   1.9999999999999998E-002 0.0000000000000000E+000   2.8676263044768388E-002  3.6395762040425445E-002  4.6335510752726385E-002
  1.0478595742838687E+001  1.0478595742838687E+001    3390   3390   1.9999999999999998E-002 0.0000000000000000E+000   2.2485434821266814E-002 -6.0833952438501643E-003  2.3293829156974963E-002
  1.0509689737120819E+001  1.0509689737120819E+001    3400   3400   1.9999999999999998E-002 0.0000000000000000E+000   7.2910737046341900E-003 -5.1341205700956553E-002  5.1856331904545100E-002
  1.0540492566074097E+001  1.0540492566074097E+001    3410   3410   1.9999999999999998E-002 0.0000000000000000E+000  -7.7514890077036744E-003 -8.5146829452016916E-002  8.5498936528868050E-002
  1.0571035367204704E+001  1.0571035367204704E+001    3420   3420   1.9999999999999998E-002 0.0000000000000000E+000   1.3018008640808933E-003 -8.8597908202284614E-002  8.8607471599804554E-002
  1.0601443833524741E+001  1.0601443833524741E+001    3430   3430   1.9999999999999998E-002 0.0000000000000000E+000   1.9107459838434239E-002 -7.4676583536769083E-002  7.7082340066979204E-002
  1.0631864748386319E+001  1.0631864748386319E+001    3440   3440   1.9999999999999998E-002 0.0000000000000000E+000   2.5383497905610128E-002 -4.9298234163486185E-002  5.5449417107504661E-002
  1.0662441444001347E+001  1.0662441444001347E+001    3450   3450   1.9999999999999998E-002 0.0000000000000000E+000   2.2533063033689857E-002 -1.0254093538505886E-002  2.4756521645349707E-002
  1.0693267561323407E+001  1.0693267561323407E+001    3460   3460   1.9999999999999998E-002 0.0000000000000000E+000   1.1111005925699648E-002  3.5171101700366032E-002  3.6884425541119969E-002
  1.0723849901629858E+001  1.0723849901629858E+001    3470   3470   1.9999999999999998E-002 0.0000000000000000E+000  -5.1005207468190612E-003  7.5667173153255022E-002  7.5838884517728830E-002
  1.0754083391058526E+001  1.0754083391058526E+001    3480   3480   1.9999999999999998E-002 0.0000000000000000E+000  -4.9527491370059788E-003  9.1327891461946482E-002  9.1462087680629675E-002
  1.0784167370480157E+001  1.0784167370480157E+001    3490   3490   1.9999999999999998E-002 0.0000000000000000E+000   1.5430840544956172E-002  8.2241194143294045E-002  8.3676309992965443E-002
  1.0814318139632099E+001  1.0814318139632099E+001    3500   3500   1.9999999999999998E-002 0.0000000000000000E+000   2.7133805605957102E-002  6.3520451708177985E-002  6.9073085871943211E-002
  1.0844739717016356E+001  1.0844739717016356E+001    3510   3510   1.9999999999999998E-002 0.0000000000000000E+000   2.8303695264980417E-002  3.0579441611468505E-002  4.1667750298307275E-002
  1.0875596090623245E+001  1.0875596090623245E+001    3520   3520   1.9999999999999998E-002 0.0000000000000000E+000   2.0757910979323108E-002 -1.2933540939458565E-002  2.4457459996045245E-002
  1.0906670292545948E+001  1.0906670292545948E+001    3530   3530   1.9999999999999998E-002 0.0000000000000000E+000   4.5189159607664475E-003 -5.7644495238849584E-002  5.7821349282096674E-002
  1.0937427734394356E+001  1.0937427734394356E+001    3540   3540   1.9999999999999998E-002 0.0000000000000000E+000  -8.3275501988624505E-003 -8.7765962966377113E-002  8.8160151699790372E-002
  1.0967941573209429E+001  1.0967941573209429E+001    3550   3550   1.9999999999999998E-002 0.0000000000000000E+000   4.3957392080259758E-003 -8.7068070889807103E-002  8.7178962437376199E-002
  1.0998342375178018E+001  1.0998342375178018E+001    3560   3560   1.9999999999999998E-002 0.0000000000000000E+000   2.0767528699333466E-002 -7.1779031898311158E-002  7.4722952755739049E-002
  1.1028777889508913E+001  1.1028777889508913E+001    3570   3570   1.9999999999999998E-002 0.0000000000000000E+000   2.5481192927155542E-002 -4.4207549765333364E-002  5.1025470593080743E-002
  1.1059388971092107E+001  1.1059388971092107E+001    3580   3580   1.9999999999999998E-002 0.0000000000000000E+000   2.1385289641987190E-002 -3.6299174638522639E-003  2.1691171334579055E-002
  1.1090223031096677E+001  1.1090223031096677E+001    3590   3590   1.9999999999999998E-002 0.0000000000000000E+000   8.7138339001183755E-003  4.1919196809440322E-002  4.2815300564020848E-002
  1.1120742065679551E+001  1.1120742065679551E+001    3600   3600   1.9999999999999998E-002 0.0000000000000000E+000  -6.8501128498644430E-003  8.0142261367024829E-002  8.0434483295887453E-002
  1.1150939651515980E+001  1.1150939651515980E+001    3610   3610   1.9999999999999998E-002 0.0000000000000000E+000  -2.3756903734702747E-003  9.0892254927200593E-002  9.0923296852356934E-002
  1.1181019859001821E+001  1.1181019859001821E+001    3620   3620   1.9999999999999998E-002 0.0000000000000000E+000   1.8020791817150678E-002  8.0124374480322746E-002  8.2125905313610285E-002
  1.1211198863482569E+001  1.1211198863482569E+001    3630   3630   1.9999999999999998E-002 0.0000000000000000E+000   2.7885539656372464E-002  5.9536260032511751E-002  6.5743209387631633E-002
  1.1241676545365510E+001  1.1241676545365510E+001    3640   3640   1.9999999999999998E-002 0.0000000000000000E+000   2.7742968699613377E-002  2.4519273601312647E-002  3.7025222351847593E-002
  1.1272608109052748E+001  1.1272608109052748E+001    3650   3650   1.9999999999999998E-002 0.0000000000000000E+000   1.8811222530249192E-002 -1.9826610854858962E-002  2.7330506601096256E-002
  1.1303642570170955E+001  1.1303642570170955E+001    3660   3660   1.9999999999999998E-002 0.0000000000000000E+000   1.7687240469588088E-003 -6.3652991646841021E-002  6.3677560650099529E-002
  1.1334356611955012E+001  1.1334356611955012E+001    3670   3670   1.9999999999999998E-002 0.0000000000000000E+000  -8.1725943235828584E-003 -8.9560431891626386E-002  8.9932542822898700E-002
  1.1364844477557443E+001  1.1364844477557443E+001    3680   3680   1.9999999999999998E-002 0.0000000000000000E+000   7.4929943492568957E-003 -8.5304051335686423E-002  8.5632506319734815E-002
  1.1395240979314147E+001  1.1395240979314147E+001    3690   3690   1.9999999999999998E-002 0.0000000000000000E+000   2.2146498342323432E-002 -6.8591493009300288E-002  7.2078154125028941E-002
  1.1425694296554145E+001  1.1425694296554145E+001    3700   3700   1.9999999999999998E-002 0.0000000000000000E+000   2.5390675609221351E-002 -3.8806004247681658E-002  4.6374479765963902E-002
  1.1456342299998147E+001  1.1456342299998147E+001    3710   3710   1.9999999999999998E-002 0.0000000000000000E+000   2.0038451408968120E-002  3.1051131485269718E-003  2.0277604950652619E-002
  1.1487167880889579E+001  1.1487167880889579E+001    3720   3720   1.9999999999999998E-002 0.0000000000000000E+000   6.2074709549995743E-003  4.8528810665933868E-002  4.8924208325809637E-002
  1.1517627170704438E+001  1.1517627170704438E+001    3730   3730   1.9999999999999998E-002 0.0000000000000000E+000  -8.1048311267278965E-003  8.3937992993127839E-002  8.4328375742137691E-002
  1.1547793502938799E+001  1.1547793502938799E+001    3740   3740   1.9999999999999998E-002 0.0000000000000000E+000   6.3060437715785058E-004  8.9971090256849937E-002  8.9973300172255150E-002
  1.1577874845086786E+001  1.1577874845086786E+001    3750   3750   1.9999999999999998E-002 0.0000000000000000E+000   2.0300467728752433E-002  7.7819854996658852E-002  8.0424118408019413E-002
  1.1608086627342990E+001  1.1608086627342990E+001    3760   3760   1.9999999999999998E-002 0.0000000000000000E+000   2.8420308339715933E-002  5.5199346880208635E-002  6.2086083965137675E-002
  1.1638623972851342E+001  1.1638623972851342E+001    3770   3770   1.9999999999999998E-002 0.0000000000000000E+000   2.6990430918591838E-002  1.8246989700881501E-002  3.2579686835747110E-002
  1.1669625349167969E+001  1.1669625349167969E+001    3780   3780   1.9999999999999998E-002 0.0000000000000000E+000   1.6653156537775872E-002 -2.6723956533954380E-002  3.1488052901066301E-002
  1.1700608212133467E+001  1.1700608212133467E+001    3790   3790   1.9999999999999998E-002 0.0000000000000000E+000  -8.7063757558130507E-004 -6.9284025116409289E-002  6.9289495207565527E-002
  1.1731281021118016E+001  1.1731281021118016E+001    3800   3800   1.9999999999999998E-002 0.0000000000000000E+000  -7.2638239896867444E-003 -9.0546425232642686E-002  9.0837317559270207E-002
  1.1761745988418537E+001  1.1761745988418537E+001    3810   3810   1.9999999999999998E-002 0.0000000000000000E+000   1.0460118444724597E-002 -8.3357400851270604E-002  8.4011132325169111E-002
  1.1792141561303342E+001  1.1792141561303342E+001    3820   3820   1.9999999999999998E-002 0.0000000000000000E+000   2.3263054958884281E-002 -6.5086889869049109E-002  6.9119266191459223E-002
  1.1822615823268500E+001  1.1822615823268500E+001    3830   3830   1.9999999999999998E-002 0.0000000000000000E+000   2.5116368282075884E-002 -3.3116573843703083E-002  4.1563679081937721E-002
  1.1853303148603206E+001  1.1853303148603206E+001    3840   3840   1.9999999999999998E-002 0.0000000000000000E+000   1.8488602203192513E-002  9.9243196581133386E-003  2.0983815956691720E-002
  1.1884101993933959E+001  1.1884101993933959E+001    3850   3850   1.9999999999999998E-002 0.0000000000000000E+000   3.6407085878141258E-003  5.4944955192092699E-002  5.5065441613433536E-002
  1.1914505336048681E+001  1.1914505336048681E+001    3860   3860   1.9999999999999998E-002 0.0000000000000000E+000  -8.7500590373667677E-003  8.6976604362592606E-002  8.7415634983705103E-002
  1.1944645153276896E+001  1.1944645153276896E+001    3870   3870   1.9999999999999998E-002 0.0000000000000000E+000   3.8867814180782271E-003  8.8690401383454542E-002  8.8775527975620587E-002
  1.1974732518701623E+001  1.1974732518701623E+001    3880   3880   1.9999999999999998E-002 0.0000000000000000E+000   2.2272755056632091E-002  7.5290350756261217E-002  7.8515683368442861E-002
  1.2004981511600143E+001  1.2004981511600143E+001    3890   3890   1.9999999999999998E-002 0.0000000000000000E+000   2.8749197320659810E-002  5.0514017317616337E-002  5.8122132549887366E-002
  1.2035581860053721E+001  1.2035581860053721E+001    3900   3900   1.9999999999999998E-002 0.0000000000000000E+000   2.6040719871917445E-002  1.1795895241020086E-002  2.8587798725764045E-002
  1.2066633926264862E+001  1.2066633926264862E+001    3910   3910   1.9999999999999998E-002 0.0000000000000000E+000   1.4303298071570624E-002 -3.3573182679183459E-002  3.6493053187339921E-002
  1.2097566060052513E+001  1.2097566060052513E+001    3920   3920   1.9999999999999998E-002 0.0000000000000000E+000  -3.2914513362551449E-003 -7.4441027935887298E-002  7.4513759078780132E-002
  1.2128199994938961E+001  1.2128199994938961E+001    3930   3930   1.9999999999999998E-002 0.0000000000000000E+000  -5.6398439359810543E-003 -9.0785836153432128E-002  9.0960848092462533E-002
  1.2158645226268953E+001  1.2158645226268953E+001    3940   3940   1.9999999999999998E-002 0.0000000000000000E+000   1.3202267945029289E-002 -8.1246438583836741E-002  8.2312111268327363E-002
  1.2189043239070678E+001  1.2189043239070678E+001    3950   3950   1.9999999999999998E-002 0.0000000000000000E+000   2.4134883290470234E-002 -6.1247885782358189E-002  6.5831573764064108E-002
  1.2219541503306654E+001  1.2219541503306654E+001    3960   3960   1.9999999999999998E-002 0.0000000000000000E+000   2.4659970425317281E-002 -2.7169690745570189E-002  3.6692045958047163E-002
  1.2250270378468517E+001  1.2250270378468517E+001    3970   3970   1.9999999999999998E-002 0.0000000000000000E+000   1.6735440658784785E-002  1.6797576360953232E-002  2.3711464434862765E-002
  1.2281026391378677E+001  1.2281026391378677E+001    3980   3980   1.9999999999999998E-002 0.0000000000000000E+000   1.0764447872686964E-003  6.1103264519883726E-002  6.1112745547609952E-002
  1.2311377777924628E+001  1.2311377777924628E+001    3990   3990   1.9999999999999998E-002 0.0000000000000000E+000  -8.6966866565685005E-003  8.9210698488677735E-002  8.9633593499537340E-002
  1.2341495880530501E+001  1.2341495880530501E+001    4000   4000   1.9999999999999998E-002 0.0000000000000000E+000   7.2164151017252748E-003  8.7155383073942545E-002  8.7453630260190333E-002
  1.2371594127019029E+001  1.2371594127019029E+001    4010   4010   1.9999999999999998E-002 0.0000000000000000E+000   2.3951622443318867E-002  7.2498147900050700E-002  7.6352221098046140E-002
  1.2401884648591705E+001  1.2401884648591705E+001    4020   4020   1.9999999999999998E-002 0.0000000000000000E+000   2.8880946023715839E-002  4.5491361364721623E-002  5.3884812350424633E-002
  1.2432551114831040E+001  1.2432551114831040E+001    4030   4030   1.9999999999999998E-002 0.0000000000000000E+000   2.4887113593782967E-002  5.1968304303484211E-003  2.5423915307278148E-002
  1.2463635244285786E+001  1.2463635244285786E+001    4040   4040   1.9999999999999998E-002 0.0000000000000000E+000   1.1783753728580284E-002 -4.0339865676405608E-002  4.2025725629979033E-002
  1.2494517774936988E+001  1.2494517774936988E+001    4050   4050   1.9999999999999998E-002 0.0000000000000000E+000  -5.3735760162722634E-003 -7.9025147664488404E-002  7.9207633991913013E-002
  1.2525115345141413E+001  1.2525115345141413E+001    4060   4060   1.9999999999999998E-002 0.0000000000000000E+000  -3.3995385970070550E-003 -9.0379695245196582E-002  9.0443607708268416E-002
  1.2555544063732138E+001  1.2555544063732138E+001    4070   4070   1.9999999999999998E-002 0.0000000000000000E+000   1.5665598109773850E-002 -7.8961212794959854E-002  8.0500211740018947E-002
  1.2585947871430434E+001  1.2585947871430434E+001    4080   4080   1.9999999999999998E-002 0.0000000000000000E+000   2.4778716006618681E-002 -5.7063388729927435E-002  6.2211052878724615E-002
  1.2616473113017083E+001  1.2616473113017083E+001    4090   4090   1.9999999999999998E-002 0.0000000000000000E+000   2.4020379442476538E-002 -2.0994872950275462E-002  3.1902403024831182E-002
  1.2647245604301886E+001  1.2647245604301886E+001    4100   4100   1.9999999999999998E-002 0.0000000000000000E+000   1.4782002108965802E-002  2.3698252512840034E-002  2.7930534518905978E-002
  1.2677941038804576E+001  1.2677941038804576E+001    4110   4110   1.9999999999999998E-002 0.0000000000000000E+000  -1.4054991713182360E-003  6.6925990844627740E-002  6.6940747519397874E-002
  1.2708244650212672E+001  1.2708244650212672E+001    4120   4120   1.9999999999999998E-002 0.0000000000000000E+000  -7.8980839528763420E-003  9.0633101720800617E-002  9.0976584117341285E-002
  1.2738345891888602E+001  1.2738345891888602E+001    4130   4130   1.9999999999999998E-002 0.0000000000000000E+000   1.0466701193510887E-002  8.5438270943274883E-002  8.6077000270982342E-002
  1.2768459831861846E+001  1.2768459831861846E+001    4140   4140   1.9999999999999998E-002 0.0000000000000000E+000   2.5354684705179981E-002  6.9410605804358693E-002  7.3896496768298556E-002
  1.2798796061335524E+001  1.2798796061335524E+001    4150   4150   1.9999999999999998E-002 0.0000000000000000E+000   2.8821638646555989E-002  4.0150620042770821E-002  4.9424276869688243E-002
  1.2829531499102537E+001  1.2829531499102537E+001    4160   4160   1.9999999999999998E-002 0.0000000000000000E+000   2.3523037125511305E-002 -1.5194214439724982E-003  2.3572057974062992E-002
  1.2860627984666983E+001  1.2860627984666983E+001    4170   4170   1.9999999999999998E-002 0.0000000000000000E+000   9.1287101782359645E-003 -4.6978424786806822E-002  4.7857138913310466E-002
  1.2891462303944754E+001  1.2891462303944754E+001    4180   4180   1.9999999999999998E-002 0.0000000000000000E+000  -6.9891900045427703E-003 -8.2937562789308341E-002  8.3231533077013928E-002
  1.2922026177551273E+001  1.2922026177551273E+001    4190   4190   1.9999999999999998E-002 0.0000000000000000E+000  -6.9203761464977464E-004 -8.9451523097746026E-002  8.9454200016358544E-002
  1.2952441665568645E+001  1.2952441665568645E+001    4200   4200   1.9999999999999998E-002 0.0000000000000000E+000   1.7826488559120690E-002 -7.6475900335509887E-002  7.8526091373984119E-002
  1.2982854595859654E+001  1.2982854595859654E+001    4210   4210   1.9999999999999998E-002 0.0000000000000000E+000   2.5208666324437070E-002 -5.2533197724635201E-002  5.8268462490719841E-002
  1.3013409680936314E+001  1.3013409680936314E+001    4220   4220   1.9999999999999998E-002 0.0000000000000000E+000   2.3194658862058661E-002 -1.4626186183602525E-002  2.7421114528856804E-002
  1.3044220289018673E+001  1.3044220289018673E+001    4230   4230   1.9999999999999998E-002 0.0000000000000000E+000   1.2641835780364543E-002  3.0582328989446643E-002  3.3092217488655153E-002
  1.3074847030315916E+001  1.3074847030315916E+001    4240   4240   1.9999999999999998E-002 0.0000000000000000E+000  -3.7088937671681962E-003  7.2325608539066124E-002  7.2420643075868742E-002
  1.3105107197092107E+001  1.3105107197092107E+001    4250   4250   1.9999999999999998E-002 0.0000000000000000E+000  -6.3636345890729408E-003  9.1283775238348017E-002  9.1505319336902406E-002
  1.3135196462927543E+001  1.3135196462927543E+001    4260   4260   1.9999999999999998E-002 0.0000000000000000E+000   1.3523740912251094E-002  8.3573929778331628E-002  8.4661049526067184E-002
  1.3165330853402859E+001  1.3165330853402859E+001    4270   4270   1.9999999999999998E-002 0.0000000000000000E+000   2.6500308876250979E-002  6.6001110327087824E-002  7.1122520589087150E-002
  1.3195716826798919E+001  1.3195716826798919E+001    4280   4280   1.9999999999999998E-002 0.0000000000000000E+000   2.8574626426631386E-002  3.4515645305857214E-002  4.4808917040041080E-002
  1.3226523822992897E+001  1.3226523822992897E+001    4290   4290   1.9999999999999998E-002 0.0000000000000000E+000   2.1942678262460253E-002 -8.3252324113834212E-003  2.3468928906820498E-002
  1.3257613601418807E+001  1.3257613601418807E+001    4300   4300   1.9999999999999998E-002 0.0000000000000000E+000   6.3835377862611730E-003 -5.3437926312673678E-002  5.3817855060076169E-002
  1.3288401322004794E+001  1.3288401322004794E+001    4310   4310   1.9999999999999998E-002 0.0000000000000000E+000  -8.0175391157459863E-003 -8.6096475762038231E-002  8.6468977512838396E-002
  1.3318934289544321E+001  1.3318934289544321E+001    4320   4320   1.9999999999999998E-002 0.0000000000000000E+000   2.3072169490032812E-003 -8.8126279892853229E-002  8.8156477117698361E-002
  1.3349339866433276E+001  1.3349339866433276E+001    4330   4330   1.9999999999999998E-002 0.0000000000000000E+000   1.9684403281900335E-002 -7.3755598746695509E-002  7.6337173638064692E-002
  1.3379765212642691E+001  1.3379765212642691E+001    4340   4340   1.9999999999999998E-002 0.0000000000000000E+000   2.5436708488588961E-002 -4.7662863486776165E-002  5.4025685506918970E-002
  1.3410352902852198E+001  1.3410352902852198E+001    4350   4350   1.9999999999999998E-002 0.0000000000000000E+000   2.2177980079783958E-002 -8.0938351164903483E-003  2.3608747686233311E-002
  1.3441183220597552E+001  1.3441183220597552E+001    4360   4360   1.9999999999999998E-002 0.0000000000000000E+000   1.0338739752987948E-002  3.7398097620133587E-002  3.8800866553275007E-002
  1.3471744402564373E+001  1.3471744402564373E+001    4370   4370   1.9999999999999998E-002 0.0000000000000000E+000  -5.7217335539727391E-003  7.7205177539327207E-002  7.7416908190276441E-002
  1.3501965598216529E+001  1.3501965598216529E+001    4380   4380   1.9999999999999998E-002 0.0000000000000000E+000  -4.1646135465463611E-003  9.1246447253158446E-002  9.1341437159240612E-002
  1.3532047794681407E+001  1.3532047794681407E+001    4390   4390   1.9999999999999998E-002 0.0000000000000000E+000   1.6314537509169944E-002  8.1565023947335681E-002  8.3180630351467979E-002
  1.3562207320337513E+001  1.3562207320337513E+001    4400   4400   1.9999999999999998E-002 0.0000000000000000E+000   2.7405217254751064E-002  6.2251624813779002E-002  6.8016988500929764E-002
  1.3592646902771443E+001  1.3592646902771443E+001    4410   4410   1.9999999999999998E-002 0.0000000000000000E+000   2.8140547415128342E-002  2.8615902037245518E-002  4.0134277846104549E-002
  1.3623527736987510E+001  1.3623527736987510E+001    4420   4420   1.9999999999999998E-002 0.0000000000000000E+000   2.0143095471865910E-002 -1.5192368873541095E-002  2.5229989440712126E-002
  1.3654590904621137E+001  1.3654590904621137E+001    4430   4430   1.9999999999999998E-002 0.0000000000000000E+000   3.6100137664689690E-003 -5.9652522978864288E-002  5.9761657416256683E-002
  1.3685333873486660E+001  1.3685333873486660E+001    4440   4440   1.9999999999999998E-002 0.0000000000000000E+000  -8.3595602223006046E-003 -8.8445896002438129E-002  8.8840074103888326E-002
  1.3715838852522788E+001  1.3715838852522788E+001    4450   4450   1.9999999999999998E-002 0.0000000000000000E+000   5.4190494985152417E-003 -8.6511720858531155E-002  8.6681277928810995E-002
  1.3746237869601793E+001  1.3746237869601793E+001    4460   4460   1.9999999999999998E-002 0.0000000000000000E+000   2.1250128422108267E-002 -7.0766405626190609E-002  7.3888105424395851E-002
  1.3776678873551990E+001  1.3776678873551990E+001    4470   4470   1.9999999999999998E-002 0.0000000000000000E+000   2.5471943779245487E-002 -4.2468175601259439E-002  4.9521367699130145E-002
  1.3807301795970863E+001  1.3807301795970863E+001    4480   4480   1.9999999999999998E-002 0.0000000000000000E+000   2.0965461654632688E-002 -1.4305912606118511E-003  2.1014213612381800E-002
  1.3838135293333249E+001  1.3838135293333249E+001    4490   4490   1.9999999999999998E-002 0.0000000000000000E+000   7.9010787463731997E-003  4.4106462507852652E-002  4.4808560346355719E-002
  1.3868634309914325E+001  1.3868634309914325E+001    4500   4500   1.9999999999999998E-002 0.0000000000000000E+000  -7.3224534174574440E-003  8.1467316773247713E-002  8.1795733545726712E-002
  1.3898821117103230E+001  1.3898821117103230E+001    4510   4510   1.9999999999999998E-002 0.0000000000000000E+000  -1.4277295153593536E-003  9.0637041213298665E-002  9.0648285430394253E-002
  1.3928901154354007E+001  1.3928901154354007E+001    4520   4520   1.9999999999999998E-002 0.0000000000000000E+000   1.8803435999191165E-002  7.9390386911213237E-002  8.1586780419917399E-002
  1.3959090419836741E+001  1.3959090419836741E+001    4530   4530   1.9999999999999998E-002 0.0000000000000000E+000   2.8084399447942658E-002  5.8151552883448136E-002  6.4578143323481098E-002
  1.3989587301392696E+001  1.3989587301392696E+001    4540   4540   1.9999999999999998E-002 0.0000000000000000E+000   2.7517328099024229E-002  2.2482207994690450E-002  3.5533829262069009E-002
  1.4020543939218804E+001  1.4020543939218804E+001    4550   4550   1.9999999999999998E-002 0.0000000000000000E+000   1.8124999275907935E-002 -2.2093969830964677E-002  2.8577247971826128E-002
  1.4051561383974791E+001  1.4051561383974791E+001    4560   4560   1.9999999999999998E-002 0.0000000000000000E+000   8.8515149153580026E-004 -6.5547644420309518E-002  6.5553620664417158E-002
  1.4082261639802490E+001  1.4082261639802490E+001    4570   4570   1.9999999999999998E-002 0.0000000000000000E+000  -7.9568234134231552E-003 -8.9971148905645073E-002  9.0322304411668756E-002
  1.4112741643317283E+001  1.4112741643317283E+001    4580   4580   1.9999999999999998E-002 0.0000000000000000E+000   8.4868300352561156E-003 -8.4683610553937604E-002  8.5107815037740781E-002
  1.4143137466717901E+001  1.4143137466717901E+001    4590   4590   1.9999999999999998E-002 0.0000000000000000E+000   2.2541074218328596E-002 -6.7477002290334571E-002  7.1142433645511573E-002
  1.4173597315356114E+001  1.4173597315356114E+001    4600   4600   1.9999999999999998E-002 0.0000000000000000E+000   2.5320747473989171E-002 -3.6968648427905086E-002  4.4808718116317258E-002
  1.4204257968889459E+001  1.4204257968889459E+001    4610   4610   1.9999999999999998E-002 0.0000000000000000E+000   1.9552142325251018E-002  5.3358656792035841E-003  2.0267158953671207E-002
  1.4235076348747810E+001  1.4235076348747810E+001    4620   4620   1.9999999999999998E-002 0.0000000000000000E+000   5.3689493407722386E-003  5.0658827139145667E-002  5.0942540024400235E-002
  1.4265516846536518E+001  1.4265516846536518E+001    4630   4630   1.9999999999999998E-002 0.0000000000000000E+000  -8.3888272050137739E-003  8.5021761969966131E-002  8.5434609089953461E-002
  1.4295673949531484E+001  1.4295673949531484E+001    4640   4640   1.9999999999999998E-002 0.0000000000000000E+000   1.6806264872673155E-003  8.9584679756063234E-002  8.9600442813560423E-002
  1.4325756729557184E+001  1.4325756729557184E+001    4650   4650   1.9999999999999998E-002 0.0000000000000000E+000   2.0981114036724108E-002  7.7016352866546720E-002  7.9823090362917294E-002
  1.4355980239716314E+001  1.4355980239716314E+001    4660   4660   1.9999999999999998E-002 0.0000000000000000E+000   2.8550463607266681E-002  5.3699618824202310E-002  6.0817579975320317E-002
  1.4386537903961924E+001  1.4386537903961924E+001    4670   4670   1.9999999999999998E-002 0.0000000000000000E+000   2.6700779812211106E-002  1.6147890239254278E-002  3.1203942086845115E-002
  1.4417557865767687E+001  1.4417557865767687E+001    4680   4680   1.9999999999999998E-002 0.0000000000000000E+000   1.5902245823054967E-002 -2.8978561043658341E-002  3.3055081642281605E-002
  1.4448523970528228E+001  1.4448523970528228E+001    4690   4690   1.9999999999999998E-002 0.0000000000000000E+000  -1.6948104848306241E-003 -7.1033444323715073E-002  7.1053659969559772E-002
  1.4479183753353055E+001  1.4479183753353055E+001    4700   4700   1.9999999999999998E-002 0.0000000000000000E+000  -6.8060607916108155E-003 -9.0703006011417404E-002  9.0957999994537725E-002
  1.4509641891031364E+001  1.4509641891031364E+001    4710   4710   1.9999999999999998E-002 0.0000000000000000E+000   1.1388189479829413E-002 -8.2682757488191906E-002  8.3463340728008557E-002
  1.4540037892816187E+001  1.4540037892816187E+001    4720   4720   1.9999999999999998E-002 0.0000000000000000E+000   2.3575276553867272E-002 -6.3864579632304732E-002  6.8077001962500647E-002
  1.4570519697596260E+001  1.4570519697596260E+001    4730   4730   1.9999999999999998E-002 0.0000000000000000E+000   2.4986653428420586E-002 -3.1191903679492782E-002  3.9965831715388553E-002
  1.4601220419635369E+001  1.4601220419635369E+001    4740   4740   1.9999999999999998E-002 0.0000000000000000E+000   1.7935608895316265E-002  1.2175290916330558E-002  2.1677725326773318E-002
  1.4632007376875588E+001  1.4632007376875588E+001    4750   4750   1.9999999999999998E-002 0.0000000000000000E+000   2.7951708959741261E-003  5.6998376637927439E-002  5.7066872348997135E-002
  1.4662393213598168E+001  1.4662393213598168E+001    4760   4760   1.9999999999999998E-002 0.0000000000000000E+000  -8.8128694697664862E-003  8.7799910137627428E-002  8.8241095236100708E-002
  1.4692525369752020E+001  1.4692525369752020E+001    4770   4770   1.9999999999999998E-002 0.0000000000000000E+000   4.9797472166255145E-003  8.8210295556068807E-002  8.8350744900258213E-002
  1.4722615772252809E+001  1.4722615772252809E+001    4780   4780   1.9999999999999998E-002 0.0000000000000000E+000   2.2855363988014629E-002  7.4404491577068618E-002  7.7835698942494957E-002
  1.4752877926294809E+001  1.4752877926294809E+001    4790   4790   1.9999999999999998E-002 0.0000000000000000E+000   2.8813825104417691E-002  4.8901730147186164E-002  5.6759278788020086E-002
  1.4783499645684676E+001  1.4783499645684676E+001    4800   4800   1.9999999999999998E-002 0.0000000000000000E+000   2.5684857801982539E-002  9.6445466064162985E-003  2.7435910765844813E-002
  1.4814564469999149E+001  1.4814564469999149E+001    4810   4810   1.9999999999999998E-002 0.0000000000000000E+000   1.3493472381011311E-002 -3.5805673882088489E-002  3.8263822065334625E-002
  1.4845480181994846E+001  1.4845480181994846E+001    4820   4820   1.9999999999999998E-002 0.0000000000000000E+000  -4.0185206756747087E-003 -7.6014034951094062E-002  7.6120181410497007E-002
  1.4876101893710522E+001  1.4876101893710522E+001    4830   4830   1.9999999999999998E-002 0.0000000000000000E+000  -4.9659313840223457E-003 -9.0717938319672093E-002  9.0853755054387548E-002
  1.4906541345057497E+001  1.4906541345057497E+001    4840   4840   1.9999999999999998E-002 0.0000000000000000E+000   1.4043367586631132E-002 -8.0516477688814838E-002  8.1731997116102927E-002
  1.4936940890649190E+001  1.4936940890649190E+001    4850   4850   1.9999999999999998E-002 0.0000000000000000E+000   2.4370639596238046E-002 -5.9912499322445684E-002  6.4679483991384625E-002
  1.4967447687199517E+001  1.4967447687199517E+001    4860   4860   1.9999999999999998E-002 0.0000000000000000E+000   2.4470311359973115E-002 -2.5166128148494770E-002  3.5101711411845579E-002
  1.4998190661415020E+001  1.4998190661415020E+001    4870   4870   1.9999999999999998E-002 0.0000000000000000E+000   1.6115901735215512E-002  1.9061420433668139E-002  2.4961170599316524E-002
  1.5028928311339626E+001  1.5028928311339626E+001    4880   4880   1.9999999999999998E-002 0.0000000000000000E+000   2.4841877868815069E-004  6.3055367810088878E-002  6.3055857155027208E-002
  1.5059263548896668E+001  1.5059263548896668E+001    4890   4890   1.9999999999999998E-002 0.0000000000000000E+000  -8.5175178922936840E-003  8.9766028626537277E-002  9.0169218730262130E-002
  1.5089375580315573E+001  1.5089375580315573E+001    4900   4900   1.9999999999999998E-002 0.0000000000000000E+000   8.2983340259080922E-003  8.6609441959742277E-002  8.7006079007064265E-002
  1.5119478448904946E+001  1.5119478448904946E+001    4910   4910   1.9999999999999998E-002 0.0000000000000000E+000   2.4441604783277117E-002  7.1518799479982373E-002  7.5579962446668638E-002
  1.5149783517481621E+001  1.5149783517481621E+001    4920   4920   1.9999999999999998E-002 0.0000000000000000E+000   2.8882320094472753E-002  4.3772496480725502E-002  5.2442538670383900E-002
  1.5180472317971149E+001  1.5180472317971149E+001    4930   4930   1.9999999999999998E-002 0.0000000000000000E+000   2.4462934671977061E-002  3.0040492304636345E-003  2.4646693176660972E-002
  1.5211562517230170E+001  1.5211562517230170E+001    4940   4940   1.9999999999999998E-002 0.0000000000000000E+000   1.0925419940070137E-002 -4.2534903336774023E-002  4.3915632783048819E-002
  1.5242429061019215E+001  1.5242429061019215E+001    4950   4950   1.9999999999999998E-002 0.0000000000000000E+000  -5.9613638902794008E-003 -8.0387565027540919E-002  8.0608302739168546E-002
  1.5273015271945274E+001  1.5273015271945274E+001    4960   4960   1.9999999999999998E-002 0.0000000000000000E+000  -2.5542506379262039E-003 -9.0126355791189372E-002  9.0162543245637216E-002
  1.5303439284308053E+001  1.5303439284308053E+001    4970   4970   1.9999999999999998E-002 0.0000000000000000E+000   1.6408462208634039E-002 -7.8169255764209077E-002  7.9872837553091260E-002
  1.5333845720146534E+001  1.5333845720146534E+001    4980   4980   1.9999999999999998E-002 0.0000000000000000E+000   2.4942749434554674E-002 -5.5614656406704119E-002  6.0951872461727809E-002
  1.5364380444316458E+001  1.5364380444316458E+001    4990   4990   1.9999999999999998E-002 0.0000000000000000E+000   2.3770118037452108E-002 -1.8924666962168014E-002  3.0383573376799835E-002
  1.5395167664685951E+001  1.5395167664685951E+001    5000   5000   1.9999999999999998E-002 0.0000000000000000E+000   1.4098827819832182E-002  2.5963238987957941E-002  2.9544317975527768E-002
