# 01:time 02:total_time 03:iteration 04:total_iteration 05:X 06:Y 007:U_MEAN(1) 008:U_MEAN(2) 009:U_MEAN(mag)
 0.0000000000000000E+000 0.0000000000000000E+000       0      0   1.9999999999999998E-002 0.0000000000000000E+000  0.0000000000000000E+000 0.0000000000000000E+000 0.0000000000000000E+000
  1.7938510864529466E-002  1.7938510864529466E-002      10     10   1.9999999999999998E-002 0.0000000000000000E+000   1.4088429971088625E-001  1.0256545304870898E-004  1.4088433704531877E-001
  4.6540436169914354E-002  4.6540436169914354E-002      20     20   1.9999999999999998E-002 0.0000000000000000E+000   1.3910772787262983E-001  1.2496709726378072E-004  1.3910778400456615E-001
  7.5376347378310910E-002  7.5376347378310910E-002      30     30   1.9999999999999998E-002 0.0000000000000000E+000   1.3684398549056568E-001  1.5342633540014041E-004  1.3684407149958142E-001
  1.0258117864846492E-001  1.0258117864846492E-001      40     40   1.9999999999999998E-002 0.0000000000000000E+000   1.3400226110835986E-001  1.9446588503112442E-004  1.3400240221404051E-001
  1.2960307767380041E-001  1.2960307767380041E-001      50     50   1.9999999999999998E-002 0.0000000000000000E+000   1.3005253090576767E-001  2.6533660116954469E-004  1.3005280157884939E-001
  1.5749992707448690E-001  1.5749992707448690E-001      60     60   1.9999999999999998E-002 0.0000000000000000E+000   1.2424520114845352E-001  3.7121788905241670E-004  1.2424575570674769E-001
  1.8634864772322830E-001  1.8634864772322830E-001      70     70   1.9999999999999998E-002 0.0000000000000000E+000   1.1640122809257302E-001  4.9205796028348034E-004  1.1640226811576950E-001
  2.1599439733745131E-001  2.1599439733745131E-001      80     80   1.9999999999999998E-002 0.0000000000000000E+000   1.0691088068341159E-001  6.0940275066093532E-004  1.0691261749772653E-001
  2.4582443465822607E-001  2.4582443465822607E-001      90     90   1.9999999999999998E-002 0.0000000000000000E+000   9.6496836654790882E-002  7.0899542807525328E-004  9.6499441236197949E-002
  2.7583405656174031E-001  2.7583405656174031E-001     100    100   1.9999999999999998E-002 0.0000000000000000E+000   8.5709278388689735E-002  7.8282806233040709E-004  8.5712853305003715E-002
  3.0603291407226986E-001  3.0603291407226986E-001     110    110   1.9999999999999998E-002 0.0000000000000000E+000   7.5028691029464260E-002  8.2859792456642722E-004  7.5033266303123227E-002
  3.3642268819009069E-001  3.3642268819009069E-001     120    120   1.9999999999999998E-002 0.0000000000000000E+000   6.4814543820614067E-002  8.4921406496131854E-004  6.4820106874352108E-002
  3.6699825285376026E-001  3.6699825285376026E-001     130    130   1.9999999999999998E-002 0.0000000000000000E+000   5.5287108692500188E-002  8.5017854386472109E-004  5.5293645124306811E-002
  3.9769102381425200E-001  3.9769102381425200E-001     140    140   1.9999999999999998E-002 0.0000000000000000E+000   4.6567315856849971E-002  8.3734874226301645E-004  4.6574843628592041E-002
  4.2847023746856489E-001  4.2847023746856489E-001     150    150   1.9999999999999998E-002 0.0000000000000000E+000   3.8681423274291478E-002  8.1574621650785719E-004  3.8690023887491271E-002
  4.5933511780304590E-001  4.5933511780304590E-001     160    160   1.9999999999999998E-002 0.0000000000000000E+000   3.1600770714416013E-002  7.8913447448119171E-004  3.1610622312189740E-002
  4.9028368698366602E-001  4.9028368698366602E-001     170    170   1.9999999999999998E-002 0.0000000000000000E+000   2.5274062131555115E-002  7.6006739411124488E-004  2.5285488309963470E-002
  5.2131300323688076E-001  5.2131300323688076E-001     180    180   1.9999999999999998E-002 0.0000000000000000E+000   1.9640466112245816E-002  7.3006396126447334E-004  1.9654030184514663E-002
  5.5241931963130195E-001  5.5241931963130195E-001     190    190   1.9999999999999998E-002 0.0000000000000000E+000   1.4636937200124611E-002  6.9983142561791851E-004  1.4653658062909551E-002
  5.8359815749409058E-001  5.8359815749409058E-001     200    200   1.9999999999999998E-002 0.0000000000000000E+000   1.0202055823974842E-002  6.6950666680478168E-004  1.0224000303814309E-002
  6.1484422678117809E-001  6.1484422678117809E-001     210    210   1.9999999999999998E-002 0.0000000000000000E+000   6.2778757135367806E-003  6.3889628465489600E-004  6.3103020480132938E-003
  6.4615092377297624E-001  6.4615092377297624E-001     220    220   1.9999999999999998E-002 0.0000000000000000E+000   2.8107078247116351E-003  6.0769839654040707E-004  2.8756522420231886E-003
  6.7750979095475818E-001  6.7750979095475818E-001     230    230   1.9999999999999998E-002 0.0000000000000000E+000  -2.4869248659221154E-004  5.7568964598136478E-004  6.2710965658134014E-004
  7.0891161338693544E-001  7.0891161338693544E-001     240    240   1.9999999999999998E-002 0.0000000000000000E+000  -2.9453566864962414E-003  5.4285981003625112E-004  2.9949662408849814E-003
  7.4034952915799543E-001  7.4034952915799543E-001     250    250   1.9999999999999998E-002 0.0000000000000000E+000  -5.3204891026218419E-003  5.0948022875468099E-004  5.3448268816314055E-003
  7.7182080390241250E-001  7.7182080390241250E-001     260    260   1.9999999999999998E-002 0.0000000000000000E+000  -7.4116224243363904E-003  4.7610427015024212E-004  7.4268985611075457E-003
  8.0332480168193391E-001  8.0332480168193391E-001     270    270   1.9999999999999998E-002 0.0000000000000000E+000  -9.2525277376393990E-003  4.4351161451135467E-004  9.2631513043884208E-003
  8.3486022318965815E-001  8.3486022318965815E-001     280    280   1.9999999999999998E-002 0.0000000000000000E+000  -1.0873263649544700E-002  4.1261269780933593E-004  1.0881089634356646E-002
  8.6642502215709438E-001  8.6642502215709438E-001     290    290   1.9999999999999998E-002 0.0000000000000000E+000  -1.2300527074174520E-002  3.8432874393397881E-004  1.2306529766181621E-002
  8.9801751542614507E-001  8.9801751542614507E-001     300    300   1.9999999999999998E-002 0.0000000000000000E+000  -1.3558083520386419E-002  3.5946093084539123E-004  1.3562847816980696E-002
  9.2963641990341798E-001  9.2963641990341798E-001     310    310   1.9999999999999998E-002 0.0000000000000000E+000  -1.4667098009560275E-002  3.3856218232244903E-004  1.4671005022606527E-002
  9.6128044439847375E-001  9.6128044439847375E-001     320    320   1.9999999999999998E-002 0.0000000000000000E+000  -1.5646388127389398E-002  3.2183064828347989E-004  1.5649697645612405E-002
  9.9294834175721788E-001  9.9294834175721788E-001     330    330   1.9999999999999998E-002 0.0000000000000000E+000  -1.6512643187491191E-002  3.0904822556157482E-004  1.6515534985071540E-002
  1.0246390002544900E+000  1.0246390002544900E+000     340    340   1.9999999999999998E-002 0.0000000000000000E+000  -1.7280611988514325E-002  2.9958046944394279E-004  1.7283208589705130E-002
  1.0563513191119755E+000  1.0563513191119755E+000     350    350   1.9999999999999998E-002 0.0000000000000000E+000  -1.7963269195535527E-002  2.9244124887879102E-004  1.7965649503297154E-002
  1.0880841365626616E+000  1.0880841365626616E+000     360    360   1.9999999999999998E-002 0.0000000000000000E+000  -1.8571976396081256E-002  2.8641517006795083E-004  1.8574184797892055E-002
  1.1198362559333920E+000  1.1198362559333920E+000     370    370   1.9999999999999998E-002 0.0000000000000000E+000  -1.9116640648778545E-002  2.8022251385595708E-004  1.9118694368387291E-002
  1.1516064505913583E+000  1.1516064505913583E+000     380    380   1.9999999999999998E-002 0.0000000000000000E+000  -1.9605866968471431E-002  2.7270379617261002E-004  1.9607763435584541E-002
  1.1833934694661887E+000  1.1833934694661887E+000     390    390   1.9999999999999998E-002 0.0000000000000000E+000  -2.0047102804633700E-002  2.6299684058888024E-004  2.0048827850967052E-002
  1.2151960883614543E+000  1.2151960883614543E+000     400    400   1.9999999999999998E-002 0.0000000000000000E+000  -2.0446772901427534E-002  2.5067906035801716E-004  2.0448309516286506E-002
  1.2470131760826095E+000  1.2470131760826095E+000     410    410   1.9999999999999998E-002 0.0000000000000000E+000  -2.0810402878103313E-002  2.3585120146260116E-004  2.0811739325154974E-002
  1.2788437450123186E+000  1.2788437450123186E+000     420    420   1.9999999999999998E-002 0.0000000000000000E+000  -2.1142730794463160E-002  2.1914590571321235E-004  2.1143866495396053E-002
  1.3106869875861439E+000  1.3106869875861439E+000     430    430   1.9999999999999998E-002 0.0000000000000000E+000  -2.1447807237699119E-002  2.0165461040322010E-004  2.1448755206011269E-002
  1.3425423019333566E+000  1.3425423019333566E+000     440    440   1.9999999999999998E-002 0.0000000000000000E+000  -2.1729085093019402E-002  1.8477818062003958E-004  2.1729870730303741E-002
  1.3744092995964323E+000  1.3744092995964323E+000     450    450   1.9999999999999998E-002 0.0000000000000000E+000  -2.1989500050404076E-002  1.7001882095116746E-004  2.1990157317904719E-002
  1.4062877868575165E+000  1.4062877868575165E+000     460    460   1.9999999999999998E-002 0.0000000000000000E+000  -2.2231543063586665E-002  1.5874117322656731E-004  2.2232109790755032E-002
  1.4381777165625637E+000  1.4381777165625637E+000     470    470   1.9999999999999998E-002 0.0000000000000000E+000  -2.2457325638124112E-002  1.5193728671636312E-004  2.2457839605710994E-002
  1.4700791159309051E+000  1.4700791159309051E+000     480    480   1.9999999999999998E-002 0.0000000000000000E+000  -2.2668638581000095E-002  1.5003217827476634E-004  2.2669135068866741E-002
  1.5019919994113408E+000  1.5019919994113408E+000     490    490   1.9999999999999998E-002 0.0000000000000000E+000  -2.2867003949671835E-002  1.5276331083334602E-004  2.2867514212599586E-002
  1.5339162794352878E+000  1.5339162794352878E+000     500    500   1.9999999999999998E-002 0.0000000000000000E+000  -2.3053719619355952E-002  1.5915867243179300E-004  2.3054269014021846E-002
  1.5658516878701576E+000  1.5658516878701576E+000     510    510   1.9999999999999998E-002 0.0000000000000000E+000  -2.3229896153644737E-002  1.6762489261166544E-004  2.3230500929031681E-002
  1.5977977207034930E+000  1.5977977207034930E+000     520    520   1.9999999999999998E-002 0.0000000000000000E+000  -2.3396486932255085E-002  1.7614087810246454E-004  2.3397149962765162E-002
  1.6297536176023399E+000  1.6297536176023399E+000     530    530   1.9999999999999998E-002 0.0000000000000000E+000  -2.3554313711198227E-002  1.8253602748442890E-004  2.3555020989310766E-002
  1.6617183853056332E+000  1.6617183853056332E+000     540    540   1.9999999999999998E-002 0.0000000000000000E+000  -2.3704090348960291E-002  1.8481699307180202E-004  2.3704810832246701E-002
  1.6936908666824450E+000  1.6936908666824450E+000     550    550   1.9999999999999998E-002 0.0000000000000000E+000  -2.3846446095681712E-002  1.8149629412635658E-004  2.3847136773605237E-002
  1.7256698493442930E+000  1.7256698493442930E+000     560    560   1.9999999999999998E-002 0.0000000000000000E+000  -2.3981947491459951E-002  1.7187147247718677E-004  2.3982563359369941E-002
  1.7576541998158616E+000  1.7576541998158616E+000     570    570   1.9999999999999998E-002 0.0000000000000000E+000  -2.4111115705089907E-002  1.5620658263480875E-004  2.4111621700762713E-002
  1.7896430040793720E+000  1.7896430040793720E+000     580    580   1.9999999999999998E-002 0.0000000000000000E+000  -2.4234435693820599E-002  1.3577884582107282E-004  2.4234816056510486E-002
  1.8216356929703447E+000  1.8216356929703447E+000     590    590   1.9999999999999998E-002 0.0000000000000000E+000  -2.4352355604837878E-002  1.1277108376658908E-004  2.4352616714057910E-002
  1.8536321303592071E+000  1.8536321303592071E+000     600    600   1.9999999999999998E-002 0.0000000000000000E+000  -2.4465278875891605E-002  9.0012870640734821E-005  2.4465444463406527E-002
  1.8856326448198348E+000  1.8856326448198348E+000     610    610   1.9999999999999998E-002 0.0000000000000000E+000  -2.4573554946520292E-002  7.0596731263408889E-005  2.4573656354073909E-002
  1.9176379916583488E+000  1.9176379916583488E+000     620    620   1.9999999999999998E-002 0.0000000000000000E+000  -2.4677475731254618E-002  5.7417115327806289E-005  2.4677542527403195E-002
  1.9496492414941082E+000  1.9496492414941082E+000     630    630   1.9999999999999998E-002 0.0000000000000000E+000  -2.4777282552407497E-002  5.2695706754021127E-005  2.4777338588301756E-002
  1.9816676047293462E+000  1.9816676047293462E+000     640    640   1.9999999999999998E-002 0.0000000000000000E+000  -2.4873182387927150E-002  5.7564770554110635E-005  2.4873248999796917E-002
  2.0136942129793165E+000  2.0136942129793165E+000     650    650   1.9999999999999998E-002 0.0000000000000000E+000  -2.4965366509978084E-002  7.1778087393327822E-005  2.4965469694587465E-002
  2.0457298874213130E+000  2.0457298874213130E+000     660    660   1.9999999999999998E-002 0.0000000000000000E+000  -2.5054021784592683E-002  9.3606517857681179E-005  2.5054196649723774E-002
  2.0777749282091355E+000  2.0777749282091355E+000     670    670   1.9999999999999998E-002 0.0000000000000000E+000  -2.5139328034059769E-002  1.1995306364176754E-004  2.5139614212265475E-002
  2.1098289597710402E+000  2.1098289597710402E+000     680    680   1.9999999999999998E-002 0.0000000000000000E+000  -2.5221443180819180E-002  1.4669295444060274E-004  2.5221869774982441E-002
  2.1418908630793080E+000  2.1418908630793080E+000     690    690   1.9999999999999998E-002 0.0000000000000000E+000  -2.5300487091264542E-002  1.6921094414484585E-004  2.5301052930636345E-002
  2.1739588184222502E+000  2.1739588184222502E+000     700    700   1.9999999999999998E-002 0.0000000000000000E+000  -2.5376539381843912E-002  1.8307423771214816E-004  2.5377199750460821E-002
  2.2060304681974396E+000  2.2060304681974396E+000     710    710   1.9999999999999998E-002 0.0000000000000000E+000  -2.5449661236686393E-002  1.8475012270734382E-004  2.5450331818464340E-002
  2.2381031913996789E+000  2.2381031913996789E+000     720    720   1.9999999999999998E-002 0.0000000000000000E+000  -2.5519937472542317E-002  1.7225855616540714E-004  2.5520518835098977E-002
  2.2701744600311943E+000  2.2701744600311943E+000     730    730   1.9999999999999998E-002 0.0000000000000000E+000  -2.5587519490887387E-002  1.4564805498179840E-004  2.5587934012976933E-002
  2.3022422289133701E+000  2.3022422289133701E+000     740    740   1.9999999999999998E-002 0.0000000000000000E+000  -2.5652642486122507E-002  1.0720169005672386E-004  2.5652866481607246E-002
  2.3343052996781468E+000  2.3343052996781468E+000     750    750   1.9999999999999998E-002 0.0000000000000000E+000  -2.5715598359680607E-002  6.1316027615851256E-005  2.5715671460252607E-002
  2.3663635945808381E+000  2.3663635945808381E+000     760    760   1.9999999999999998E-002 0.0000000000000000E+000  -2.5776667165242237E-002  1.4041819013167780E-005  2.5776670989876846E-002
  2.3984182848783581E+000  2.3984182848783581E+000     770    770   1.9999999999999998E-002 0.0000000000000000E+000  -2.5836036042237404E-002 -2.7677004769989808E-005  2.5836050866809796E-002
  2.4304717355660643E+000  2.4304717355660643E+000     780    780   1.9999999999999998E-002 0.0000000000000000E+000  -2.5893749045684937E-002 -5.6983828032216310E-005  2.5893811747163968E-002
  2.4625272524003736E+000  2.4625272524003736E+000     790    790   1.9999999999999998E-002 0.0000000000000000E+000  -2.5949723111728673E-002 -6.8185911054719623E-005  2.5949812694773957E-002
  2.4945886463555795E+000  2.4945886463555795E+000     800    800   1.9999999999999998E-002 0.0000000000000000E+000  -2.6003832721521402E-002 -5.7772337102660236E-005  2.6003896897422924E-002
  2.5266596577429369E+000  2.5266596577429369E+000     810    810   1.9999999999999998E-002 0.0000000000000000E+000  -2.6056023432722770E-002 -2.5208099094733724E-005  2.6056035626604021E-002
  2.5587433078158081E+000  2.5587433078158081E+000     820    820   1.9999999999999998E-002 0.0000000000000000E+000  -2.6106387092766349E-002  2.6642292634285533E-005  2.6106400687362367E-002
  2.5908412660772852E+000  2.5908412660772852E+000     830    830   1.9999999999999998E-002 0.0000000000000000E+000  -2.6155140715498830E-002  9.1563924684956194E-005  2.6155300988515661E-002
  2.6229533327214231E+000  2.6229533327214231E+000     840    840   1.9999999999999998E-002 0.0000000000000000E+000  -2.6202499494346258E-002  1.6055896079732516E-004  2.6202991411880973E-002
  2.6550771363602425E+000  2.6550771363602425E+000     850    850   1.9999999999999998E-002 0.0000000000000000E+000  -2.6248502839665976E-002  2.2291870622420995E-004  2.6249449405150144E-002
  2.6872081326570529E+000  2.6872081326570529E+000     860    860   1.9999999999999998E-002 0.0000000000000000E+000  -2.6292904045230938E-002  2.6771740296879946E-004  2.6294266974752762E-002
  2.7193399562221856E+000  2.7193399562221856E+000     870    870   1.9999999999999998E-002 0.0000000000000000E+000  -2.6335227592829464E-002  2.8555420515821641E-004  2.6336775686674513E-002
  2.7514651263664506E+000  2.7514651263664506E+000     880    880   1.9999999999999998E-002 0.0000000000000000E+000  -2.6375013474398936E-002  2.7027170293531352E-004  2.6376398210675637E-002
  2.7835760431976463E+000  2.7835760431976463E+000     890    890   1.9999999999999998E-002 0.0000000000000000E+000  -2.6412141112632085E-002  2.2032725852467187E-004  2.6413060069867695E-002
  2.8156661455863476E+000  2.8156661455863476E+000     900    900   1.9999999999999998E-002 0.0000000000000000E+000  -2.6447040785968560E-002  1.3953754510875546E-004  2.6447408891253969E-002
  2.8477310531489843E+000  2.8477310531489843E+000     910    910   1.9999999999999998E-002 0.0000000000000000E+000  -2.6480626086103371E-002  3.7042664742162294E-005  2.6480651994825006E-002
  2.8797694935020711E+000  2.8797694935020711E+000     920    920   1.9999999999999998E-002 0.0000000000000000E+000  -2.6513913171129361E-002 -7.3532954861384292E-005  2.6514015138066842E-002
  2.9117838320840530E+000  2.9117838320840530E+000     930    930   1.9999999999999998E-002 0.0000000000000000E+000  -2.6547473153848937E-002 -1.7567256343363110E-004  2.6548054386411696E-002
  2.9437800715439328E+000  2.9437800715439328E+000     940    940   1.9999999999999998E-002 0.0000000000000000E+000  -2.6581014485356124E-002 -2.5222024707126933E-004  2.6582211084177043E-002
  2.9757672603692100E+000  2.9757672603692100E+000     950    950   1.9999999999999998E-002 0.0000000000000000E+000  -2.6613409698766323E-002 -2.8809671311662210E-004  2.6614969012014615E-002
  3.0077563308100772E+000  3.0077563308100772E+000     960    960   1.9999999999999998E-002 0.0000000000000000E+000  -2.6643272218061788E-002 -2.7307571457090942E-004  2.6644671602998442E-002
  3.0397584629986380E+000  3.0397584629986380E+000     970    970   1.9999999999999998E-002 0.0000000000000000E+000  -2.6669819745482459E-002 -2.0406706409475643E-004  2.6670600454867421E-002
  3.0717831381049376E+000  3.0717831381049376E+000     980    980   1.9999999999999998E-002 0.0000000000000000E+000  -2.6693498547706915E-002 -8.6435363073885902E-005  2.6693638489131092E-002
  3.1038361072814355E+000  3.1038361072814355E+000     990    990   1.9999999999999998E-002 0.0000000000000000E+000  -2.6715897622868163E-002  6.5850328338630443E-005  2.6715978777902096E-002
  3.1359175713902627E+000  3.1359175713902627E+000    1000   1000   1.9999999999999998E-002 0.0000000000000000E+000  -2.6738810030409587E-002  2.3126270993138722E-004  2.6739810101856313E-002
  3.1680209328017689E+000  3.1680209328017689E+000    1010   1010   1.9999999999999998E-002 0.0000000000000000E+000  -2.6762789418948993E-002  3.8307455212772595E-004  2.6765530885739892E-002
  3.2001325125401804E+000  3.2001325125401804E+000    1020   1020   1.9999999999999998E-002 0.0000000000000000E+000  -2.6786125487009870E-002  4.9328068988622817E-004  2.6790667114591499E-002
  3.2322325640972104E+000  3.2322325640972104E+000    1030   1030   1.9999999999999998E-002 0.0000000000000000E+000  -2.6805346298073438E-002  5.3790357839251656E-004  2.6810742817372421E-002
  3.2642977188099218E+000  3.2642977188099218E+000    1040   1040   1.9999999999999998E-002 0.0000000000000000E+000  -2.6817386603131336E-002  5.0240635502070194E-004  2.6822092318970440E-002
  3.2963046687533834E+000  3.2963046687533834E+000    1050   1050   1.9999999999999998E-002 0.0000000000000000E+000  -2.6822000352927455E-002  3.8539418798976928E-004  2.6824768994579932E-002
  3.3282345128186046E+000  3.3282345128186046E+000    1060   1060   1.9999999999999998E-002 0.0000000000000000E+000  -2.6822629019992407E-002  1.9967604351724695E-004  2.6823372235170088E-002
  3.3600769026865644E+000  3.3600769026865644E+000    1070   1070   1.9999999999999998E-002 0.0000000000000000E+000  -2.6824977013447530E-002 -2.8935487262318190E-005  2.6824992619466114E-002
  3.3918330365027973E+000  3.3918330365027973E+000    1080   1080   1.9999999999999998E-002 0.0000000000000000E+000  -2.6833690655465147E-002 -2.6437849914281303E-004  2.6834993016283914E-002
  3.4235167216516662E+000  3.4235167216516662E+000    1090   1090   1.9999999999999998E-002 0.0000000000000000E+000  -2.6848629560834895E-002 -4.6487259451024076E-004  2.6852653794812613E-002
  3.4551531287546830E+000  3.4551531287546830E+000    1100   1100   1.9999999999999998E-002 0.0000000000000000E+000  -2.6863791706516946E-002 -5.9022267868560174E-004  2.6870274796911988E-002
  3.4867753121515834E+000  3.4867753121515834E+000    1110   1110   1.9999999999999998E-002 0.0000000000000000E+000  -2.6871277538143476E-002 -6.1087204338350682E-004  2.6878220201220943E-002
  3.5184189141902320E+000  3.5184189141902320E+000    1120   1120   1.9999999999999998E-002 0.0000000000000000E+000  -2.6867535136035636E-002 -5.1485158209476322E-004  2.6872467628368164E-002
  3.5501156664200537E+000  3.5501156664200537E+000    1130   1130   1.9999999999999998E-002 0.0000000000000000E+000  -2.6856465403326752E-002 -3.1046625217988625E-004  2.6858259870174565E-002
  3.5818864538270815E+000  3.5818864538270815E+000    1140   1140   1.9999999999999998E-002 0.0000000000000000E+000  -2.6847341667643869E-002 -2.6030605367162515E-005  2.6847354286998608E-002
  3.6137349958136093E+000  3.6137349958136093E+000    1150   1150   1.9999999999999998E-002 0.0000000000000000E+000  -2.6848253329674118E-002  2.9171996843083988E-004  2.6849838126036043E-002
  3.6456436844966217E+000  3.6456436844966217E+000    1160   1160   1.9999999999999998E-002 0.0000000000000000E+000  -2.6857132226223461E-002  5.8195038933112943E-004  2.6863436445706150E-002
  3.6775735161908449E+000  3.6775735161908449E+000    1170   1170   1.9999999999999998E-002 0.0000000000000000E+000  -2.6859141185150856E-002  7.8205918917689594E-004  2.6870524404619331E-002
  3.7094696840740897E+000  3.7094696840740897E+000    1180   1180   1.9999999999999998E-002 0.0000000000000000E+000  -2.6839492156411686E-002  8.4599959412565741E-004  2.6852822096147455E-002
  3.7412727725445980E+000  3.7412727725445980E+000    1190   1190   1.9999999999999998E-002 0.0000000000000000E+000  -2.6798041239780379E-002  7.5536250877769886E-004  2.6808684913822924E-002
  3.7729330520782626E+000  3.7729330520782626E+000    1200   1200   1.9999999999999998E-002 0.0000000000000000E+000  -2.6749589669363436E-002  5.2078431552834913E-004  2.6754658730445721E-002
  3.8044236007326288E+000  3.8044236007326288E+000    1210   1210   1.9999999999999998E-002 0.0000000000000000E+000  -2.6714269456891042E-002  1.7989208422398115E-004  2.6714875140590641E-002
  3.8357481440598860E+000  3.8357481440598860E+000    1220   1220   1.9999999999999998E-002 0.0000000000000000E+000  -2.6703683386809879E-002 -2.0577620577042590E-004  2.6704476221597142E-002
  3.8669415262847337E+000  3.8669415262847337E+000    1230   1230   1.9999999999999998E-002 0.0000000000000000E+000  -2.6706595376523560E-002 -5.5791726310677152E-004  2.6712422358854359E-002
  3.8980632734660902E+000  3.8980632734660902E+000    1240   1240   1.9999999999999998E-002 0.0000000000000000E+000  -2.6693420725799952E-002 -8.0159488575910167E-004  2.6705453832605834E-002
  3.9291864589528504E+000  3.9291864589528504E+000    1250   1250   1.9999999999999998E-002 0.0000000000000000E+000  -2.6647151780777802E-002 -8.8681679373243227E-004  2.6661904321586922E-002
  3.9603843707210035E+000  3.9603843707210035E+000    1260   1260   1.9999999999999998E-002 0.0000000000000000E+000  -2.6577925896848011E-002 -7.9182821115761221E-004  2.6589718631349397E-002
  3.9917166319919857E+000  3.9917166319919857E+000    1270   1270   1.9999999999999998E-002 0.0000000000000000E+000  -2.6511717419361491E-002 -5.2315032952587738E-004  2.6516878526541516E-002
  4.0231590776486010E+000  4.0231590776486010E+000    1280   1280   1.9999999999999998E-002 0.0000000000000000E+000  -2.6473726262553372E-002 -1.2179113189690171E-004  2.6474006408256700E-002
  4.0544187532286439E+000  4.0544187532286439E+000    1290   1290   1.9999999999999998E-002 0.0000000000000000E+000  -2.6463783573458439E-002  3.2851957371628910E-004  2.6465822604505673E-002
  4.0855541423337555E+000  4.0855541423337555E+000    1300   1300   1.9999999999999998E-002 0.0000000000000000E+000  -2.6439450508427699E-002  7.2648164192531057E-004  2.6449429460078195E-002
  4.1167026211461008E+000  4.1167026211461008E+000    1310   1310   1.9999999999999998E-002 0.0000000000000000E+000  -2.6359587683828804E-002  9.9217122315000327E-004  2.6378253668457780E-002
  4.1479979253384993E+000  4.1479979253384993E+000    1320   1320   1.9999999999999998E-002 0.0000000000000000E+000  -2.6231327124523216E-002  1.0768937610579774E-003  2.6253423069884678E-002
  4.1794861984312943E+000  4.1794861984312943E+000    1330   1330   1.9999999999999998E-002 0.0000000000000000E+000  -2.6091140903300367E-002  9.5425303200424913E-004  2.6108585417156606E-002
  4.2108097097566545E+000  4.2108097097566545E+000    1340   1340   1.9999999999999998E-002 0.0000000000000000E+000  -2.5982765360534969E-002  6.3637996570745407E-004  2.5990557424598836E-002
  4.2418957412098956E+000  4.2418957412098956E+000    1350   1350   1.9999999999999998E-002 0.0000000000000000E+000  -2.5931396699401338E-002  1.8286486134635001E-004  2.5932041461081269E-002
  4.2727880268353084E+000  4.2727880268353084E+000    1360   1360   1.9999999999999998E-002 0.0000000000000000E+000  -2.5907950489501212E-002 -3.0035720663509559E-004  2.5909691488283370E-002
  4.3035694070959511E+000  4.3035694070959511E+000    1370   1370   1.9999999999999998E-002 0.0000000000000000E+000  -2.5840302543637676E-002 -6.9978489963170247E-004  2.5849776294050981E-002
  4.3343435740358255E+000  4.3343435740358255E+000    1380   1380   1.9999999999999998E-002 0.0000000000000000E+000  -2.5706967766414354E-002 -9.4467702573245482E-004  2.5724319357884155E-002
  4.3652158110681220E+000  4.3652158110681220E+000    1390   1390   1.9999999999999998E-002 0.0000000000000000E+000  -2.5542776386461909E-002 -9.8872765462766203E-004  2.5561905404406410E-002
  4.3962745031994536E+000  4.3962745031994536E+000    1400   1400   1.9999999999999998E-002 0.0000000000000000E+000  -2.5393260036963045E-002 -8.0754627284622966E-004  2.5406097423406301E-002
  4.4273661244808586E+000  4.4273661244808586E+000    1410   1410   1.9999999999999998E-002 0.0000000000000000E+000  -2.5299841242850082E-002 -4.2089824449897852E-004  2.5303342116124509E-002
  4.4581568236971511E+000  4.4581568236971511E+000    1420   1420   1.9999999999999998E-002 0.0000000000000000E+000  -2.5260080979497860E-002  8.3398580220566973E-005  2.5260218653328649E-002
  4.4887848914605443E+000  4.4887848914605443E+000    1430   1430   1.9999999999999998E-002 0.0000000000000000E+000  -2.5191066317873582E-002  5.7271164147513173E-004  2.5197575694018383E-002
  4.5194251930963096E+000  4.5194251930963096E+000    1440   1440   1.9999999999999998E-002 0.0000000000000000E+000  -2.5033180257887943E-002  9.5047850153593689E-004  2.5051217998448551E-002
  4.5502484982806850E+000  4.5502484982806850E+000    1450   1450   1.9999999999999998E-002 0.0000000000000000E+000  -2.4818474508972392E-002  1.1582244929130540E-003  2.4845485725348499E-002
  4.5813952979780090E+000  4.5813952979780090E+000    1460   1460   1.9999999999999998E-002 0.0000000000000000E+000  -2.4598863942573818E-002  1.1431472826993316E-003  2.4625411529052692E-002
  4.6126343777389804E+000  4.6126343777389804E+000    1470   1470   1.9999999999999998E-002 0.0000000000000000E+000  -2.4427650961845648E-002  8.8765622144186000E-004  2.4443773544222326E-002
  4.6435875242018163E+000  4.6435875242018163E+000    1480   1480   1.9999999999999998E-002 0.0000000000000000E+000  -2.4339636331652538E-002  4.3813074492057211E-004  2.4343579344598134E-002
  4.6743091463333978E+000  4.6743091463333978E+000    1490   1490   1.9999999999999998E-002 0.0000000000000000E+000  -2.4285989197857542E-002 -8.4647269605263772E-005  2.4286136713744839E-002
  4.7049009630091847E+000  4.7049009630091847E+000    1500   1500   1.9999999999999998E-002 0.0000000000000000E+000  -2.4161619793955351E-002 -5.4265494043866118E-004  2.4167712871764210E-002
  4.7354875435675243E+000  4.7354875435675243E+000    1510   1510   1.9999999999999998E-002 0.0000000000000000E+000  -2.3961135395864396E-002 -8.6253152219712951E-004  2.3976654689212364E-002
  4.7661939015060763E+000  4.7661939015060763E+000    1520   1520   1.9999999999999998E-002 0.0000000000000000E+000  -2.3738008641770478E-002 -9.8410170238191128E-004  2.3758398734708552E-002
  4.7971247088976411E+000  4.7971247088976411E+000    1530   1530   1.9999999999999998E-002 0.0000000000000000E+000  -2.3542255576393831E-002 -8.6376262559928083E-004  2.3558095922583142E-002
  4.8279836955559671E+000  4.8279836955559671E+000    1540   1540   1.9999999999999998E-002 0.0000000000000000E+000  -2.3420031371774769E-002 -5.0818139574671681E-004  2.3425544129985489E-002
  4.8584990447992399E+000  4.8584990447992399E+000    1550   1550   1.9999999999999998E-002 0.0000000000000000E+000  -2.3361484700030148E-002 -4.2583106923397586E-006  2.3361485088130691E-002
  4.8888443319203078E+000  4.8888443319203078E+000    1560   1560   1.9999999999999998E-002 0.0000000000000000E+000  -2.3256533634017646E-002  4.9854149352220016E-004  2.3261876542767514E-002
  4.9192164056777887E+000  4.9192164056777887E+000    1570   1570   1.9999999999999998E-002 0.0000000000000000E+000  -2.3052570360609441E-002  9.0504356100913270E-004  2.3070329518196595E-002
  4.9498052516521440E+000  4.9498052516521440E+000    1580   1580   1.9999999999999998E-002 0.0000000000000000E+000  -2.2800315875401953E-002  1.1552499073436426E-003  2.2829564305227636E-002
  4.9807670743415251E+000  4.9807670743415251E+000    1590   1590   1.9999999999999998E-002 0.0000000000000000E+000  -2.2553345720100828E-002  1.1837120754903855E-003  2.2584387913956227E-002
  5.0119322836029116E+000  5.0119322836029116E+000    1600   1600   1.9999999999999998E-002 0.0000000000000000E+000  -2.2364979713178194E-002  9.6080616230174609E-004  2.2385608458391055E-002
  5.0427999908633909E+000  5.0427999908633909E+000    1610   1610   1.9999999999999998E-002 0.0000000000000000E+000  -2.2269434028774610E-002  5.2646698873881110E-004  2.2275656206993681E-002
  5.0734220545314396E+000  5.0734220545314396E+000    1620   1620   1.9999999999999998E-002 0.0000000000000000E+000  -2.2199666445118402E-002  1.0289128673929845E-005  2.2199668829527272E-002
  5.1039135951638918E+000  5.1039135951638918E+000    1630   1630   1.9999999999999998E-002 0.0000000000000000E+000  -2.2044313255611496E-002 -4.4642020784836926E-004  2.2048833028382794E-002
  5.1344113359545797E+000  5.1344113359545797E+000    1640   1640   1.9999999999999998E-002 0.0000000000000000E+000  -2.1819684480515006E-002 -7.7680733827553307E-004  2.1833507745436282E-002
  5.1650500146799762E+000  5.1650500146799762E+000    1650   1650   1.9999999999999998E-002 0.0000000000000000E+000  -2.1583234515855291E-002 -9.1449571372314686E-004  2.1602599718016004E-002
  5.1959329234224513E+000  5.1959329234224513E+000    1660   1660   1.9999999999999998E-002 0.0000000000000000E+000  -2.1383316116265103E-002 -8.1010122123373946E-004  2.1398655848365040E-002
  5.2266363103439470E+000  5.2266363103439470E+000    1670   1670   1.9999999999999998E-002 0.0000000000000000E+000  -2.1264447464081372E-002 -4.6873362123276578E-004  2.1269612999778595E-002
  5.2569943307473909E+000  5.2569943307473909E+000    1680   1680   1.9999999999999998E-002 0.0000000000000000E+000  -2.1203858186658304E-002  1.9263604201386360E-005  2.1203866937102846E-002
  5.2871954988399787E+000  5.2871954988399787E+000    1690   1690   1.9999999999999998E-002 0.0000000000000000E+000  -2.1080767737800765E-002  5.0153075020177402E-004  2.1086732831534136E-002
  5.3174476719545307E+000  5.3174476719545307E+000    1700   1700   1.9999999999999998E-002 0.0000000000000000E+000  -2.0863482570174829E-002  8.9529164676640480E-004  2.0882683067287080E-002
  5.3479484206990335E+000  5.3479484206990335E+000    1710   1710   1.9999999999999998E-002 0.0000000000000000E+000  -2.0609300703067905E-002  1.1401908732051977E-003  2.0640816618942565E-002
  5.3788576988450884E+000  5.3788576988450884E+000    1720   1720   1.9999999999999998E-002 0.0000000000000000E+000  -2.0368662661720402E-002  1.1680830375084347E-003  2.0402128237256964E-002
  5.4099714728115086E+000  5.4099714728115086E+000    1730   1730   1.9999999999999998E-002 0.0000000000000000E+000  -2.0193051555357155E-002  9.4915210663759967E-004  2.0215346171630272E-002
  5.4407752702957985E+000  5.4407752702957985E+000    1740   1740   1.9999999999999998E-002 0.0000000000000000E+000  -2.0109385746991166E-002  5.2554552614646636E-004  2.0116251967534712E-002
  5.4713353009689589E+000  5.4713353009689589E+000    1750   1750   1.9999999999999998E-002 0.0000000000000000E+000  -2.0034640842697455E-002  3.3136265560785407E-005  2.0034668245518223E-002
  5.5017757832970719E+000  5.5017757832970719E+000    1760   1760   1.9999999999999998E-002 0.0000000000000000E+000  -1.9869453026211989E-002 -3.9812859353749786E-004  1.9873441320964943E-002
  5.5322397901560247E+000  5.5322397901560247E+000    1770   1770   1.9999999999999998E-002 0.0000000000000000E+000  -1.9646744416617314E-002 -7.0861241855249614E-004  1.9659519265017911E-002
  5.5628654092439724E+000  5.5628654092439724E+000    1780   1780   1.9999999999999998E-002 0.0000000000000000E+000  -1.9421117766630231E-002 -8.3062054019133810E-004  1.9438872029701419E-002
  5.5937278064379798E+000  5.5937278064379798E+000    1790   1790   1.9999999999999998E-002 0.0000000000000000E+000  -1.9238361144535840E-002 -7.1723476787229127E-004  1.9251726292460924E-002
  5.6243240160418279E+000  5.6243240160418279E+000    1800   1800   1.9999999999999998E-002 0.0000000000000000E+000  -1.9138171752967711E-002 -3.7841502433831242E-004  1.9141912547515625E-002
  5.6545894079545035E+000  5.6545894079545035E+000    1810   1810   1.9999999999999998E-002 0.0000000000000000E+000  -1.9082795665742008E-002  8.9023490754264873E-005  1.9083003317150266E-002
  5.6847218725271098E+000  5.6847218725271098E+000    1820   1820   1.9999999999999998E-002 0.0000000000000000E+000  -1.8952964050197540E-002  5.3956685011283092E-004  1.8960642886617034E-002
  5.7149341557268913E+000  5.7149341557268913E+000    1830   1830   1.9999999999999998E-002 0.0000000000000000E+000  -1.8739624296480762E-002  9.0476600305442982E-004  1.8761453043235626E-002
  5.7454250126587842E+000  5.7454250126587842E+000    1840   1840   1.9999999999999998E-002 0.0000000000000000E+000  -1.8499680799000222E-002  1.1237067831696403E-003  1.8533777450898639E-002
  5.7763513384642584E+000  5.7763513384642584E+000    1850   1850   1.9999999999999998E-002 0.0000000000000000E+000  -1.8279827771376030E-002  1.1311677176135011E-003  1.8314793030677176E-002
  5.8074206871245639E+000  5.8074206871245639E+000    1860   1860   1.9999999999999998E-002 0.0000000000000000E+000  -1.8129126389509158E-002  9.0292180986556473E-004  1.8151597490070352E-002
  5.8381711075923510E+000  5.8381711075923510E+000    1870   1870   1.9999999999999998E-002 0.0000000000000000E+000  -1.8063541359454875E-002  4.8799167463028503E-004  1.8070131773710045E-002
  5.8686883679472936E+000  5.8686883679472936E+000    1880   1880   1.9999999999999998E-002 0.0000000000000000E+000  -1.7987996936891366E-002  2.5350718806272132E-005  1.7988014800431901E-002
  5.8991031428194480E+000  5.8991031428194480E+000    1890   1890   1.9999999999999998E-002 0.0000000000000000E+000  -1.7823881319289771E-002 -3.7283773802554880E-004  1.7827780379593612E-002
  5.9295615998060950E+000  5.9295615998060950E+000    1900   1900   1.9999999999999998E-002 0.0000000000000000E+000  -1.7614120173869183E-002 -6.5178408243577257E-004  1.7626175194568505E-002
  5.9602016872948562E+000  5.9602016872948562E+000    1910   1910   1.9999999999999998E-002 0.0000000000000000E+000  -1.7408575594306978E-002 -7.4556060128295058E-004  1.7424533417939374E-002
  5.9910493893692606E+000  5.9910493893692606E+000    1920   1920   1.9999999999999998E-002 0.0000000000000000E+000  -1.7250556090183232E-002 -6.1351820304233815E-004  1.7261462568566492E-002
  6.0215640281197906E+000  6.0215640281197906E+000    1930   1930   1.9999999999999998E-002 0.0000000000000000E+000  -1.7172953457248270E-002 -2.7326095477369398E-004  1.7175127422939810E-002
  6.0517705687547982E+000  6.0517705687547982E+000    1940   1940   1.9999999999999998E-002 0.0000000000000000E+000  -1.7123181336332495E-002  1.7148282424785912E-004  1.7124039985819279E-002
  6.0818731332937092E+000  6.0818731332937092E+000    1950   1950   1.9999999999999998E-002 0.0000000000000000E+000  -1.6991904598556518E-002  5.8812696131397634E-004  1.7002079731876054E-002
  6.1120861507576087E+000  6.1120861507576087E+000    1960   1960   1.9999999999999998E-002 0.0000000000000000E+000  -1.6789310349832168E-002  9.2001364077904437E-004  1.6814498717541392E-002
  6.1426062224122555E+000  6.1426062224122555E+000    1970   1970   1.9999999999999998E-002 0.0000000000000000E+000  -1.6568885457323476E-002  1.1059116877425343E-003  1.6605752194917009E-002
  6.1735834584963669E+000  6.1735834584963669E+000    1980   1980   1.9999999999999998E-002 0.0000000000000000E+000  -1.6374036646016651E-002  1.0862043837606150E-003  1.6410024864344265E-002
  6.2046019289159248E+000  6.2046019289159248E+000    1990   1990   1.9999999999999998E-002 0.0000000000000000E+000  -1.6250900158784866E-002  8.4463656343649589E-004  1.6272835244513719E-002
  6.2353055473470933E+000  6.2353055473470933E+000    2000   2000   1.9999999999999998E-002 0.0000000000000000E+000  -1.6202454422894090E-002  4.3890124021282934E-004  1.6208397935163752E-002
  6.2657910577560071E+000  6.2657910577560071E+000    2010   2010   1.9999999999999998E-002 0.0000000000000000E+000  -1.6126421631822138E-002  7.3361466913352755E-006  1.6126423300482636E-002
  6.2961939714069732E+000  6.2961939714069732E+000    2020   2020   1.9999999999999998E-002 0.0000000000000000E+000  -1.5967760688787182E-002 -3.5676148271749945E-004  1.5971745683234757E-002
  6.3266617297721845E+000  6.3266617297721845E+000    2030   2030   1.9999999999999998E-002 0.0000000000000000E+000  -1.5774102052042529E-002 -6.0107375133401097E-004  1.5785549885981011E-002
  6.3573302407697065E+000  6.3573302407697065E+000    2040   2040   1.9999999999999998E-002 0.0000000000000000E+000  -1.5590575060823685E-002 -6.6332601970400038E-004  1.5604679815221902E-002
  6.3881544913674357E+000  6.3881544913674357E+000    2050   2050   1.9999999999999998E-002 0.0000000000000000E+000  -1.5458219826953820E-002 -5.1051509196332425E-004  1.5466647531949209E-002
  6.4186017148585321E+000  6.4186017148585321E+000    2060   2060   1.9999999999999998E-002 0.0000000000000000E+000  -1.5401660152178935E-002 -1.6883529183488557E-004  1.5402585523183612E-002
  6.4487675207203514E+000  6.4487675207203514E+000    2070   2070   1.9999999999999998E-002 0.0000000000000000E+000  -1.5355010003448256E-002  2.5221218472267135E-004  1.5357081206795730E-002
  6.4788604379688221E+000  6.4788604379688221E+000    2080   2080   1.9999999999999998E-002 0.0000000000000000E+000  -1.5224378035359773E-002  6.3617362116037581E-004  1.5237663975813530E-002
  6.5090948288214036E+000  6.5090948288214036E+000    2090   2090   1.9999999999999998E-002 0.0000000000000000E+000  -1.5034310432781379E-002  9.3446899468259552E-004  1.5063323753118438E-002
  6.5396632943932200E+000  6.5396632943932200E+000    2100   2100   1.9999999999999998E-002 0.0000000000000000E+000  -1.4833864208708558E-002  1.0862473718054086E-003  1.4873582645588752E-002
  6.5706911710112914E+000  6.5706911710112914E+000    2110   2110   1.9999999999999998E-002 0.0000000000000000E+000  -1.4663885431391485E-002  1.0386404384432086E-003  1.4700622772704052E-002
  6.6016576885291744E+000  6.6016576885291744E+000    2120   2120   1.9999999999999998E-002 0.0000000000000000E+000  -1.4566772232536575E-002  7.8403101896172175E-004  1.4587856522234263E-002
  6.6323189843732999E+000  6.6323189843732999E+000    2130   2130   1.9999999999999998E-002 0.0000000000000000E+000  -1.4531707225359744E-002  3.8919440343315358E-004  1.4536918076650096E-002
  6.6627796920324886E+000  6.6627796920324886E+000    2140   2140   1.9999999999999998E-002 0.0000000000000000E+000  -1.4454398828311802E-002 -1.1981775010339337E-005  1.4454403794374711E-002
  6.6931790909559456E+000  6.6931790909559456E+000    2150   2150   1.9999999999999998E-002 0.0000000000000000E+000  -1.4302717114361042E-002 -3.4327319041755881E-004  1.4306835895357705E-002
  6.7236647740071866E+000  6.7236647740071866E+000    2160   2160   1.9999999999999998E-002 0.0000000000000000E+000  -1.4125229619869656E-002 -5.5330235625155301E-004  1.4136062227914695E-002
  6.7543694352855014E+000  6.7543694352855014E+000    2170   2170   1.9999999999999998E-002 0.0000000000000000E+000  -1.3962947713555622E-002 -5.8458761349006191E-004  1.3975179838890596E-002
  6.7851586232424274E+000  6.7851586232424274E+000    2180   2180   1.9999999999999998E-002 0.0000000000000000E+000  -1.3854711720658496E-002 -4.1206769164453644E-004  1.3860838237460575E-002
  6.8155470343011819E+000  6.8155470343011819E+000    2190   2190   1.9999999999999998E-002 0.0000000000000000E+000  -1.3815734661680565E-002 -7.0735050319512291E-005  1.3815915738354280E-002
  6.8456828764367845E+000  6.8456828764367845E+000    2200   2200   1.9999999999999998E-002 0.0000000000000000E+000  -1.3769390416167968E-002  3.2624584865893777E-004  1.3773254836335000E-002
  6.8757778662115907E+000  6.8757778662115907E+000    2210   2210   1.9999999999999998E-002 0.0000000000000000E+000  -1.3640481576153893E-002  6.7964012468077026E-004  1.3657402693355347E-002
  6.9060451874458026E+000  6.9060451874458026E+000    2220   2220   1.9999999999999998E-002 0.0000000000000000E+000  -1.3463028721084098E-002  9.4549515441084572E-004  1.3496188477927748E-002
  6.9366722313734765E+000  6.9366722313734765E+000    2230   2230   1.9999999999999998E-002 0.0000000000000000E+000  -1.3281602393697431E-002  1.0642626428587571E-003  1.3324174162673423E-002
  6.9677404358571584E+000  6.9677404358571584E+000    2240   2240   1.9999999999999998E-002 0.0000000000000000E+000  -1.3135101836464264E-002  9.9022514292820957E-004  1.3172374352711591E-002
  6.9986559348307100E+000  6.9986559348307100E+000    2250   2250   1.9999999999999998E-002 0.0000000000000000E+000  -1.3061262291107258E-002  7.2443862207629674E-004  1.3081337238763330E-002
  7.0292780656316082E+000  7.0292780656316082E+000    2260   2260   1.9999999999999998E-002 0.0000000000000000E+000  -1.3035337744726764E-002  3.4246876131824235E-004  1.3039835695727803E-002
  7.0597186044684567E+000  7.0597186044684567E+000    2270   2270   1.9999999999999998E-002 0.0000000000000000E+000  -1.2956194710355581E-002 -2.9755593497797780E-005  1.2956228879114108E-002
  7.0901198202152722E+000  7.0901198202152722E+000    2280   2280   1.9999999999999998E-002 0.0000000000000000E+000  -1.2812027117174580E-002 -3.3000595257147748E-004  1.2816276478757369E-002
  7.1206286970186578E+000  7.1206286970186578E+000    2290   2290   1.9999999999999998E-002 0.0000000000000000E+000  -1.2649915789991892E-002 -5.0718397549268692E-004  1.2660079189281667E-002
  7.1513739223767931E+000  7.1513739223767931E+000    2300   2300   1.9999999999999998E-002 0.0000000000000000E+000  -1.2507491385588749E-002 -5.0926886860380937E-004  1.2517855069503951E-002
  7.1821118512978623E+000  7.1821118512978623E+000    2310   2310   1.9999999999999998E-002 0.0000000000000000E+000  -1.2421248906794668E-002 -3.1911030211752766E-004  1.2425347310617329E-002
  7.2124478508636862E+000  7.2124478508636862E+000    2320   2320   1.9999999999999998E-002 0.0000000000000000E+000  -1.2395998028640131E-002  1.9631676366472978E-005  1.2396013574079651E-002
  7.2425614163783853E+000  7.2425614163783853E+000    2330   2330   1.9999999999999998E-002 0.0000000000000000E+000  -1.2347679346895756E-002  3.9276581633662654E-004  1.2353924487394223E-002
  7.2726665105435879E+000  7.2726665105435879E+000    2340   2340   1.9999999999999998E-002 0.0000000000000000E+000  -1.2221155222225565E-002  7.1779801864223777E-004  1.2242216668614307E-002
  7.3029743274084131E+000  7.3029743274084131E+000    2350   2350   1.9999999999999998E-002 0.0000000000000000E+000  -1.2055763969688055E-002  9.5277214448021094E-004  1.2093354358990981E-002
  7.3336661451282738E+000  7.3336661451282738E+000    2360   2360   1.9999999999999998E-002 0.0000000000000000E+000  -1.1891995145983114E-002  1.0403675259738223E-003  1.1937416518710688E-002
  7.3647574997268208E+000  7.3647574997268208E+000    2370   2370   1.9999999999999998E-002 0.0000000000000000E+000  -1.1767241501629619E-002  9.4206799930308591E-004  1.1804891557019292E-002
  7.3956235523727169E+000  7.3956235523727169E+000    2380   2380   1.9999999999999998E-002 0.0000000000000000E+000  -1.1713557391500044E-002  6.6743806209922302E-004  1.1732557280094737E-002
  7.4262096839678060E+000  7.4262096839678060E+000    2390   2390   1.9999999999999998E-002 0.0000000000000000E+000  -1.1692742965628035E-002  3.0000985084663165E-004  1.1696591126086648E-002
  7.4566340964122037E+000  7.4566340964122037E+000    2400   2400   1.9999999999999998E-002 0.0000000000000000E+000  -1.1611534590218324E-002 -4.5071355778246022E-005  1.1611622064420985E-002
  7.4870413901020382E+000  7.4870413901020382E+000    2410   2410   1.9999999999999998E-002 0.0000000000000000E+000  -1.1474864843297791E-002 -3.1611168462925909E-004  1.1479218168895946E-002
  7.5175773385667481E+000  7.5175773385667481E+000    2420   2420   1.9999999999999998E-002 0.0000000000000000E+000  -1.1326982707200463E-002 -4.6228440971853190E-004  1.1336412312750765E-002
  7.5483659977081707E+000  7.5483659977081707E+000    2430   2430   1.9999999999999998E-002 0.0000000000000000E+000  -1.1202836285599473E-002 -4.3734078771074962E-004  1.1211369577644814E-002
  7.5790380703951081E+000  7.5790380703951081E+000    2440   2440   1.9999999999999998E-002 0.0000000000000000E+000  -1.1136224008147512E-002 -2.3192426642745429E-004  1.1138638786898467E-002
  7.6093269919684258E+000  7.6093269919684258E+000    2450   2450   1.9999999999999998E-002 0.0000000000000000E+000  -1.1120807789933224E-002  1.0195448919716605E-004  1.1121275134556602E-002
  7.6394244272425186E+000  7.6394244272425186E+000    2460   2460   1.9999999999999998E-002 0.0000000000000000E+000  -1.1068908391746681E-002  4.5194429243917761E-004  1.1078131007906903E-002
  7.6695458027625642E+000  7.6695458027625642E+000    2470   2470   1.9999999999999998E-002 0.0000000000000000E+000  -1.0945180636248199E-002  7.5064545576295182E-004  1.0970890928286549E-002
  7.6998996437353470E+000  7.6998996437353470E+000    2480   2480   1.9999999999999998E-002 0.0000000000000000E+000  -1.0791052347681036E-002  9.5637901715375548E-004  1.0833349971031323E-002
  7.7306603168629983E+000  7.7306603168629983E+000    2490   2490   1.9999999999999998E-002 0.0000000000000000E+000  -1.0643528837178781E-002  1.0148667990266493E-003  1.0691803436634199E-002
  7.7617572733666175E+000  7.7617572733666175E+000    2500   2500   1.9999999999999998E-002 0.0000000000000000E+000  -1.0538733190075983E-002  8.9467073590622518E-004  1.0576640911806363E-002
  7.7925755491171866E+000  7.7925755491171866E+000    2510   2510   1.9999999999999998E-002 0.0000000000000000E+000  -1.0502004569097149E-002  6.1369275198049297E-004  1.0519920093003121E-002
  7.8231287234619779E+000  7.8231287234619779E+000    2520   2520   1.9999999999999998E-002 0.0000000000000000E+000  -1.0482813781365640E-002  2.6210731588840259E-004  1.0486090073036358E-002
  7.8535407418665794E+000  7.8535407418665794E+000    2530   2530   1.9999999999999998E-002 0.0000000000000000E+000  -1.0399689129427345E-002 -5.7664357304977045E-005  1.0399848997309177E-002
  7.8839579307740095E+000  7.8839579307740095E+000    2540   2540   1.9999999999999998E-002 0.0000000000000000E+000  -1.0270328168430635E-002 -3.0114618454061603E-004  1.0274742318507221E-002
  7.9145242964034965E+000  7.9145242964034965E+000    2550   2550   1.9999999999999998E-002 0.0000000000000000E+000  -1.0135565560339911E-002 -4.1819450381090543E-004  1.0144189266322181E-002
  7.9453436675502953E+000  7.9453436675502953E+000    2560   2560   1.9999999999999998E-002 0.0000000000000000E+000  -1.0028290848614480E-002 -3.6847783979444703E-004  1.0035058209239473E-002
  7.9759478022080338E+000  7.9759478022080338E+000    2570   2570   1.9999999999999998E-002 0.0000000000000000E+000  -9.9789473277640787E-003 -1.5021428045831446E-004  9.9800778604349318E-003
  8.0061944197550065E+000  8.0061944197550065E+000    2580   2580   1.9999999999999998E-002 0.0000000000000000E+000  -9.9697323383587281E-003  1.7662307516755156E-004  9.9712967365933611E-003
  8.0362811076353644E+000  8.0362811076353644E+000    2590   2590   1.9999999999999998E-002 0.0000000000000000E+000  -9.9134276636443878E-003  5.0444066416428405E-004  9.9262534939408197E-003
  8.0664240496027233E+000  8.0664240496027233E+000    2600   2600   1.9999999999999998E-002 0.0000000000000000E+000  -9.7928793792153356E-003  7.7850333986658100E-004  9.8237749356367256E-003
  8.0968284659416838E+000  8.0968284659416838E+000    2610   2610   1.9999999999999998E-002 0.0000000000000000E+000  -9.6492938365107097E-003  9.5650911559551978E-004  9.6965860606473697E-003
  8.1276610230534611E+000  8.1276610230534611E+000    2620   2620   1.9999999999999998E-002 0.0000000000000000E+000  -9.5168284553279871E-003  9.8788948667158500E-004  9.5679647515036716E-003
  8.1587438350038929E+000  8.1587438350038929E+000    2630   2630   1.9999999999999998E-002 0.0000000000000000E+000  -9.4303702886421056E-003  8.4813940634288478E-004  9.4684330400280831E-003
  8.1895160490801153E+000  8.1895160490801153E+000    2640   2640   1.9999999999999998E-002 0.0000000000000000E+000  -9.4074871763530207E-003  5.6334728135081855E-004  9.4243395064403276E-003
  8.2200391889526720E+000  8.2200391889526720E+000    2650   2650   1.9999999999999998E-002 0.0000000000000000E+000  -9.3871770226114179E-003  2.2850510944095017E-004  9.3899577762034898E-003
  8.2504422882282550E+000  8.2504422882282550E+000    2660   2660   1.9999999999999998E-002 0.0000000000000000E+000  -9.3026205153036194E-003 -6.7635961775464403E-005  9.3028663902623627E-003
  8.2808728300348839E+000  8.2808728300348839E+000    2670   2670   1.9999999999999998E-002 0.0000000000000000E+000  -9.1803818612144709E-003 -2.8497232645771394E-004  9.1848037727848268E-003
  8.3114725255291901E+000  8.3114725255291901E+000    2680   2680   1.9999999999999998E-002 0.0000000000000000E+000  -9.0578112698722499E-003 -3.7467882472520166E-004  9.0655573034602898E-003
  8.3423064253028442E+000  8.3423064253028442E+000    2690   2690   1.9999999999999998E-002 0.0000000000000000E+000  -8.9662046500096916E-003 -3.0236655920770250E-004  8.9713015422502948E-003
  8.3728459903298144E+000  8.3728459903298144E+000    2700   2700   1.9999999999999998E-002 0.0000000000000000E+000  -8.9318627762077635E-003 -7.3600237347116523E-005  8.9321660109932690E-003
  8.4030550159744343E+000  8.4030550159744343E+000    2710   2710   1.9999999999999998E-002 0.0000000000000000E+000  -8.9255956962094522E-003  2.4425266280757944E-004  8.9289371089442273E-003
  8.4331361105752424E+000  8.4331361105752424E+000    2720   2720   1.9999999999999998E-002 0.0000000000000000E+000  -8.8647064787184994E-003  5.5102815653855099E-004  8.8818158606859221E-003
  8.4633055517072950E+000  8.4633055517072950E+000    2730   2730   1.9999999999999998E-002 0.0000000000000000E+000  -8.7476741230147698E-003  8.0182518414637975E-004  8.7843455185001459E-003
  8.4937646347143456E+000  8.4937646347143456E+000    2740   2740   1.9999999999999998E-002 0.0000000000000000E+000  -8.6140097838218210E-003  9.5347939002733443E-004  8.6666191506829779E-003
  8.5246715236290295E+000  8.5246715236290295E+000    2750   2750   1.9999999999999998E-002 0.0000000000000000E+000  -8.4956248957618800E-003  9.5962434637344351E-004  8.5496503586779333E-003
  8.5557213878907685E+000  8.5557213878907685E+000    2760   2760   1.9999999999999998E-002 0.0000000000000000E+000  -8.4260012622604136E-003  8.0257072630191856E-004  8.4641371115035024E-003
  8.5864494844936931E+000  8.5864494844936931E+000    2770   2770   1.9999999999999998E-002 0.0000000000000000E+000  -8.4139348508848232E-003  5.1644847345546267E-004  8.4297697893043732E-003
  8.6169455980825446E+000  8.6169455980825446E+000    2780   2780   1.9999999999999998E-002 0.0000000000000000E+000  -8.3905031425671392E-003  1.9882163487838152E-004  8.3928584539431341E-003
  8.6473432156184024E+000  8.6473432156184024E+000    2790   2790   1.9999999999999998E-002 0.0000000000000000E+000  -8.3051492825579416E-003 -7.5155888361979537E-005  8.3054893301435388E-003
  8.6777904306148574E+000  8.6777904306148574E+000    2800   2800   1.9999999999999998E-002 0.0000000000000000E+000  -8.1898386714856901E-003 -2.6756395482177008E-004  8.1942081945043572E-003
  8.7084261438529413E+000  8.7084261438529413E+000    2810   2810   1.9999999999999998E-002 0.0000000000000000E+000  -8.0786833753548030E-003 -3.3159536305152865E-004  8.0854857964151634E-003
  8.7392561632406824E+000  8.7392561632406824E+000    2820   2820   1.9999999999999998E-002 0.0000000000000000E+000  -8.0016812921734921E-003 -2.3875927538027412E-004  8.0052426254985782E-003
  8.7697347267741498E+000  8.7697347267741498E+000    2830   2830   1.9999999999999998E-002 0.0000000000000000E+000  -7.9801178532176333E-003 -1.7971295278257706E-006  7.9801180555752022E-003
  8.7999108826004821E+000  8.7999108826004821E+000    2840   2840   1.9999999999999998E-002 0.0000000000000000E+000  -7.9739857304203241E-003  3.0544309489299799E-004  7.9798335767837134E-003
  8.8299914071949245E+000  8.8299914071949245E+000    2850   2850   1.9999999999999998E-002 0.0000000000000000E+000  -7.9088026023170812E-003  5.9235660061319723E-004  7.9309548570589818E-003
  8.8601920400674529E+000  8.8601920400674529E+000    2860   2860   1.9999999999999998E-002 0.0000000000000000E+000  -7.7955625977418359E-003  8.2099430134401298E-004  7.8386751341123179E-003
  8.8907095309247932E+000  8.8907095309247932E+000    2870   2870   1.9999999999999998E-002 0.0000000000000000E+000  -7.6712921020011251E-003  9.4756549374621172E-004  7.7295926722669765E-003
  8.9216899735266075E+000  8.9216899735266075E+000    2880   2880   1.9999999999999998E-002 0.0000000000000000E+000  -7.5661926179712484E-003  9.3023114651277953E-004  7.6231621206809636E-003
  8.9526897152287840E+000  8.9526897152287840E+000    2890   2890   1.9999999999999998E-002 0.0000000000000000E+000  -7.5119584245026675E-003  7.5806364168094635E-004  7.5501112479416603E-003
  8.9833758339564955E+000  8.9833758339564955E+000    2900   2900   1.9999999999999998E-002 0.0000000000000000E+000  -7.5077680575250980E-003  4.7301716837401714E-004  7.5226542155791502E-003
  9.0138480057125036E+000  9.0138480057125036E+000    2910   2910   1.9999999999999998E-002 0.0000000000000000E+000  -7.4799326948130948E-003  1.7269313345240345E-004  7.4819259577514865E-003
  9.0442435518601378E+000  9.0442435518601378E+000    2920   2920   1.9999999999999998E-002 0.0000000000000000E+000  -7.3944685926684448E-003 -8.0353541468276503E-005  7.3949051690732687E-003
  9.0747106440094498E+000  9.0747106440094498E+000    2930   2930   1.9999999999999998E-002 0.0000000000000000E+000  -7.2859063375616281E-003 -2.4890480953638185E-004  7.2901567036608367E-003
  9.1053848588889820E+000  9.1053848588889820E+000    2940   2940   1.9999999999999998E-002 0.0000000000000000E+000  -7.1855319651086260E-003 -2.8882803096011508E-004  7.1913344556532852E-003
  9.1361947643321634E+000  9.1361947643321634E+000    2950   2950   1.9999999999999998E-002 0.0000000000000000E+000  -7.1221638209927542E-003 -1.7743731815976470E-004  7.1243737615971438E-003
  9.1666160740264253E+000  9.1666160740264253E+000    2960   2960   1.9999999999999998E-002 0.0000000000000000E+000  -7.1111670372531001E-003  6.5443631643143502E-005  7.1114681677300417E-003
  9.1967641093981864E+000  9.1967641093981864E+000    2970   2970   1.9999999999999998E-002 0.0000000000000000E+000  -7.1028685229332735E-003  3.6080891114815876E-004  7.1120267381696633E-003
  9.2268490090057149E+000  9.2268490090057149E+000    2980   2980   1.9999999999999998E-002 0.0000000000000000E+000  -7.0339934868376747E-003  6.2899162455766770E-004  7.0620602402300791E-003
  9.2570853606887837E+000  9.2570853606887837E+000    2990   2990   1.9999999999999998E-002 0.0000000000000000E+000  -6.9247716419343818E-003  8.3635799482587458E-004  6.9750954823893094E-003
  9.2876647332090573E+000  9.2876647332090573E+000    3000   3000   1.9999999999999998E-002 0.0000000000000000E+000  -6.8094633597981868E-003  9.3902293707949020E-004  6.8739039362501568E-003
  9.3187024562563021E+000  9.3187024562563021E+000    3010   3010   1.9999999999999998E-002 0.0000000000000000E+000  -6.7170317079738079E-003  8.9990570063016850E-004  6.7770454650940781E-003
  9.3496511383950657E+000  9.3496511383950657E+000    3020   3020   1.9999999999999998E-002 0.0000000000000000E+000  -6.6767284880717463E-003  7.1470179515048020E-004  6.7148717008905043E-003
  9.3802975754733335E+000  9.3802975754733335E+000    3030   3030   1.9999999999999998E-002 0.0000000000000000E+000  -6.6776066973095042E-003  4.3299377994006276E-004  6.6916302062665966E-003
  9.4107489488969928E+000  9.4107489488969928E+000    3040   3040   1.9999999999999998E-002 0.0000000000000000E+000  -6.6447292007321934E-003  1.4974810771955977E-004  6.6464163762759165E-003
  9.4411458123861695E+000  9.4411458123861695E+000    3050   3050   1.9999999999999998E-002 0.0000000000000000E+000  -6.5598175994485110E-003 -8.3366480169445793E-005  6.5603473161144654E-003
  9.4716358937698981E+000  9.4716358937698981E+000    3060   3060   1.9999999999999998E-002 0.0000000000000000E+000  -6.4578442165150757E-003 -2.2901692801755864E-004  6.4619037967224342E-003
  9.5023509269105677E+000  9.5023509269105677E+000    3070   3070   1.9999999999999998E-002 0.0000000000000000E+000  -6.3677405574824907E-003 -2.4629390589300772E-004  6.3725019023525968E-003
  9.5331225530854837E+000  9.5331225530854837E+000    3080   3080   1.9999999999999998E-002 0.0000000000000000E+000  -6.3170963541015279E-003 -1.1824540376182774E-004  6.3182029345782826E-003
  9.5634905614344258E+000  9.5634905614344258E+000    3090   3090   1.9999999999999998E-002 0.0000000000000000E+000  -6.3144402786259261E-003  1.2830372405421470E-004  6.3157436520127738E-003
  9.5936152812974082E+000  9.5936152812974082E+000    3100   3100   1.9999999999999998E-002 0.0000000000000000E+000  -6.3022306602894122E-003  4.1092134843252177E-004  6.3156130066755613E-003
  9.6237094484635203E+000  9.6237094484635203E+000    3110   3110   1.9999999999999998E-002 0.0000000000000000E+000  -6.2304348980608246E-003  6.6138974282424136E-004  6.2654413580279655E-003
  9.6539858988698536E+000  9.6539858988698536E+000    3120   3120   1.9999999999999998E-002 0.0000000000000000E+000  -6.1254128294545058E-003  8.4821053681948050E-004  6.1838615319246468E-003
  9.6846303649611602E+000  9.6846303649611602E+000    3130   3130   1.9999999999999998E-002 0.0000000000000000E+000  -6.0187202268493829E-003  9.2808071645126233E-004  6.0898544305537027E-003
  9.7157059597778445E+000  9.7157059597778445E+000    3140   3140   1.9999999999999998E-002 0.0000000000000000E+000  -5.9384303339540016E-003  8.6881628437194642E-004  6.0016494872005736E-003
  9.7466046416837297E+000  9.7466046416837297E+000    3150   3150   1.9999999999999998E-002 0.0000000000000000E+000  -5.9105812071036227E-003  6.7261614874747284E-004  5.9487295021140766E-003
  9.7772138718004306E+000  9.7772138718004306E+000    3160   3160   1.9999999999999998E-002 0.0000000000000000E+000  -5.9139137130054137E-003  3.9630800030170338E-004  5.9271776956639836E-003
  9.8076476624305914E+000  9.8076476624305914E+000    3170   3170   1.9999999999999998E-002 0.0000000000000000E+000  -5.8758957443065389E-003  1.2969183928551972E-004  5.8773268388900197E-003
  9.8380492120636979E+000  9.8380492120636979E+000    3180   3180   1.9999999999999998E-002 0.0000000000000000E+000  -5.7921370240471041E-003 -8.4288754222054578E-005  5.7927502880260224E-003
  9.8685652910240388E+000  9.8685652910240388E+000    3190   3190   1.9999999999999998E-002 0.0000000000000000E+000  -5.6966153086123272E-003 -2.0792479348423626E-004  5.7004086427256943E-003
  9.8993232652116702E+000  9.8993232652116702E+000    3200   3200   1.9999999999999998E-002 0.0000000000000000E+000  -5.6163708891272259E-003 -2.0393898470265003E-004  5.6200723370537941E-003
  9.9300407676315067E+000  9.9300407676315067E+000    3210   3210   1.9999999999999998E-002 0.0000000000000000E+000  -5.5775473415405256E-003 -6.1073846442018089E-005  5.5778817092015318E-003
  9.9603595989223006E+000  9.9603595989223006E+000    3220   3220   1.9999999999999998E-002 0.0000000000000000E+000  -5.5809940709885648E-003  1.8694066561625856E-004  5.5841240703328365E-003
  9.9904658491808717E+000  9.9904658491808717E+000    3230   3230   1.9999999999999998E-002 0.0000000000000000E+000  -5.5636960095912000E-003  4.5631676050732927E-004  5.5823774749707624E-003
  1.0020574125002097E+001  1.0020574125002097E+001    3240   3240   1.9999999999999998E-002 0.0000000000000000E+000  -5.4898053887292519E-003  6.8993147719517509E-004  5.5329891242750015E-003
  1.0050894916441477E+001  1.0050894916441477E+001    3250   3250   1.9999999999999998E-002 0.0000000000000000E+000  -5.3891279966940848E-003  8.5681399438716532E-004  5.4568150771058476E-003
  1.0081607435988877E+001  1.0081607435988877E+001    3260   3260   1.9999999999999998E-002 0.0000000000000000E+000  -5.2907803284493084E-003  9.1494760252224107E-004  5.3693096017334820E-003
  1.0112702170249294E+001  1.0112702170249294E+001    3270   3270   1.9999999999999998E-002 0.0000000000000000E+000  -5.2221564190329727E-003  8.3710748150594227E-004  5.2888246898947688E-003
  1.0143552149016039E+001  1.0143552149016039E+001    3280   3280   1.9999999999999998E-002 0.0000000000000000E+000  -5.2052329526129268E-003  6.3193579925683076E-004  5.2434523880121064E-003
  1.0174126784475205E+001  1.0174126784475205E+001    3290   3290   1.9999999999999998E-002 0.0000000000000000E+000  -5.2086790248982230E-003  3.6281786237717197E-004  5.2213000283142738E-003
  1.0204546256528228E+001  1.0204546256528228E+001    3300   3300   1.9999999999999998E-002 0.0000000000000000E+000  -5.1658284385787114E-003  1.1225736868668161E-004  5.1670480134843943E-003
  1.0234955835862680E+001  1.0234955835862680E+001    3310   3310   1.9999999999999998E-002 0.0000000000000000E+000  -5.0837407297150063E-003 -8.3216389212390726E-005  5.0844217738496881E-003
  1.0265500826446583E+001  1.0265500826446583E+001    3320   3320   1.9999999999999998E-002 0.0000000000000000E+000  -4.9945572645399485E-003 -1.8567095010170353E-004  4.9980071999228306E-003
  1.0296300532529216E+001  1.0296300532529216E+001    3330   3330   1.9999999999999998E-002 0.0000000000000000E+000  -4.9238450261322670E-003 -1.6173495107368623E-004  4.9265005872085581E-003
  1.0326949496940849E+001  1.0326949496940849E+001    3340   3340   1.9999999999999998E-002 0.0000000000000000E+000  -4.8959082248924641E-003 -5.8698978205510092E-006  4.8959117437174146E-003
  1.0357223444048846E+001  1.0357223444048846E+001    3350   3350   1.9999999999999998E-002 0.0000000000000000E+000  -4.9032367074459717E-003  2.4148948577800330E-004  4.9091799092095751E-003
  1.0387316107724424E+001  1.0387316107724424E+001    3360   3360   1.9999999999999998E-002 0.0000000000000000E+000  -4.8802164214673284E-003  4.9746531896499943E-004  4.9055054850578168E-003
  1.0417443273052791E+001  1.0417443273052791E+001    3370   3370   1.9999999999999998E-002 0.0000000000000000E+000  -4.8050362386344565E-003  7.1491946488390478E-004  4.8579299187884803E-003
  1.0447812492340464E+001  1.0447812492340464E+001    3380   3380   1.9999999999999998E-002 0.0000000000000000E+000  -4.7088210978375126E-003  8.6239440975228909E-004  4.7871411353136101E-003
  1.0478595742838687E+001  1.0478595742838687E+001    3390   3390   1.9999999999999998E-002 0.0000000000000000E+000  -4.6186137493188841E-003  8.9981172325208298E-004  4.7054494049664716E-003
  1.0509689737120819E+001  1.0509689737120819E+001    3400   3400   1.9999999999999998E-002 0.0000000000000000E+000  -4.5612005604365206E-003  8.0493331218746320E-004  4.6316809248474255E-003
  1.0540492566074097E+001  1.0540492566074097E+001    3410   3410   1.9999999999999998E-002 0.0000000000000000E+000  -4.5535866396670146E-003  5.9282886088299076E-004  4.5920145190591190E-003
  1.0571035367204704E+001  1.0571035367204704E+001    3420   3420   1.9999999999999998E-002 0.0000000000000000E+000  -4.5551607424835065E-003  3.3237031892868396E-004  4.5672704560566206E-003
  1.0601443833524741E+001  1.0601443833524741E+001    3430   3430   1.9999999999999998E-002 0.0000000000000000E+000  -4.5080653057241510E-003  9.7251243527645261E-005  4.5091141707702915E-003
  1.0631864748386319E+001  1.0631864748386319E+001    3440   3440   1.9999999999999998E-002 0.0000000000000000E+000  -4.4280864826603778E-003 -8.0217268082593182E-005  4.4288130134403047E-003
  1.0662441444001347E+001  1.0662441444001347E+001    3450   3450   1.9999999999999998E-002 0.0000000000000000E+000  -4.3451526081601690E-003 -1.6229964745154246E-004  4.3481826506902878E-003
  1.0693267561323407E+001  1.0693267561323407E+001    3460   3460   1.9999999999999998E-002 0.0000000000000000E+000  -4.2837151063051166E-003 -1.1972661758207074E-004  4.2853879141734996E-003
  1.0723849901629858E+001  1.0723849901629858E+001    3470   3470   1.9999999999999998E-002 0.0000000000000000E+000  -4.2656476420534188E-003  4.7382190549631930E-005  4.2659107911602154E-003
  1.0754083391058526E+001  1.0754083391058526E+001    3480   3480   1.9999999999999998E-002 0.0000000000000000E+000  -4.2747102059640251E-003  2.9210380944628138E-004  4.2846787488055664E-003
  1.0784167370480157E+001  1.0784167370480157E+001    3490   3490   1.9999999999999998E-002 0.0000000000000000E+000  -4.2458129973887501E-003  5.3478528882001379E-004  4.2793601523982012E-003
  1.0814318139632099E+001  1.0814318139632099E+001    3500   3500   1.9999999999999998E-002 0.0000000000000000E+000  -4.1700811691656660E-003  7.3660988557818489E-004  4.2346394275028416E-003
  1.0844739717016356E+001  1.0844739717016356E+001    3510   3510   1.9999999999999998E-002 0.0000000000000000E+000  -4.0784264222923347E-003  8.6515975387896464E-004  4.1691801930096721E-003
  1.0875596090623245E+001  1.0875596090623245E+001    3520   3520   1.9999999999999998E-002 0.0000000000000000E+000  -3.9962122489448548E-003  8.8284573834990052E-004  4.0925699671892576E-003
  1.0906670292545948E+001  1.0906670292545948E+001    3530   3530   1.9999999999999998E-002 0.0000000000000000E+000  -3.9495432456292087E-003  7.7243685598646321E-004  4.0243695836219561E-003
  1.0937427734394356E+001  1.0937427734394356E+001    3540   3540   1.9999999999999998E-002 0.0000000000000000E+000  -3.9495264089469221E-003  5.5544455769646496E-004  3.9883928482088872E-003
  1.0967941573209429E+001  1.0967941573209429E+001    3550   3550   1.9999999999999998E-002 0.0000000000000000E+000  -3.9476630703944181E-003  3.0476119925422446E-004  3.9594094390359227E-003
  1.0998342375178018E+001  1.0998342375178018E+001    3560   3560   1.9999999999999998E-002 0.0000000000000000E+000  -3.8970650515618823E-003  8.4502628670790524E-005  3.8979811069779817E-003
  1.1028777889508913E+001  1.1028777889508913E+001    3570   3570   1.9999999999999998E-002 0.0000000000000000E+000  -3.8195584567789406E-003 -7.5366696751486701E-005  3.8203019440524270E-003
  1.1059388971092107E+001  1.1059388971092107E+001    3580   3580   1.9999999999999998E-002 0.0000000000000000E+000  -3.7428115135629131E-003 -1.3786454373612266E-004  3.7453497378053595E-003
  1.1090223031096677E+001  1.1090223031096677E+001    3590   3590   1.9999999999999998E-002 0.0000000000000000E+000  -3.6904138987815695E-003 -7.7947114787889795E-005  3.6912369873829482E-003
  1.1120742065679551E+001  1.1120742065679551E+001    3600   3600   1.9999999999999998E-002 0.0000000000000000E+000  -3.6811172521402517E-003  9.8650591499558917E-005  3.6824388879121685E-003
  1.1150939651515980E+001  1.1150939651515980E+001    3610   3610   1.9999999999999998E-002 0.0000000000000000E+000  -3.6899147884223428E-003  3.3894851992659242E-004  3.7054496683909134E-003
  1.1181019859001821E+001  1.1181019859001821E+001    3620   3620   1.9999999999999998E-002 0.0000000000000000E+000  -3.6553763074122578E-003  5.6862265027798031E-004  3.6993388148694936E-003
  1.1211198863482569E+001  1.1211198863482569E+001    3630   3630   1.9999999999999998E-002 0.0000000000000000E+000  -3.5797447707647660E-003  7.5520894655427373E-004  3.6585397601739009E-003
  1.1241676545365510E+001  1.1241676545365510E+001    3640   3640   1.9999999999999998E-002 0.0000000000000000E+000  -3.4927370376047486E-003  8.6529552444620456E-004  3.5983257715891467E-003
  1.1272608109052748E+001  1.1272608109052748E+001    3650   3650   1.9999999999999998E-002 0.0000000000000000E+000  -3.4184159684796409E-003  8.6420871405896573E-004  3.5259643269624914E-003
  1.1303642570170955E+001  1.1303642570170955E+001    3660   3660   1.9999999999999998E-002 0.0000000000000000E+000  -3.3819835701418319E-003  7.3978204020762774E-004  3.4619489215935947E-003
  1.1334356611955012E+001  1.1334356611955012E+001    3670   3670   1.9999999999999998E-002 0.0000000000000000E+000  -3.3877597648028410E-003  5.1994507231574491E-004  3.4274274758545111E-003
  1.1364844477557443E+001  1.1364844477557443E+001    3680   3680   1.9999999999999998E-002 0.0000000000000000E+000  -3.3813544059908049E-003  2.7979886818736825E-004  3.3929109958194252E-003
  1.1395240979314147E+001  1.1395240979314147E+001    3690   3690   1.9999999999999998E-002 0.0000000000000000E+000  -3.3280572237996959E-003  7.3895770398041387E-005  3.3288775089762707E-003
  1.1425694296554145E+001  1.1425694296554145E+001    3700   3700   1.9999999999999998E-002 0.0000000000000000E+000  -3.2533246657175820E-003 -6.8724355422011216E-005  3.2540504632833502E-003
  1.1456342299998147E+001  1.1456342299998147E+001    3710   3710   1.9999999999999998E-002 0.0000000000000000E+000  -3.1827270180466133E-003 -1.1242149395276068E-004  3.1847118964996594E-003
  1.1487167880889579E+001  1.1487167880889579E+001    3720   3720   1.9999999999999998E-002 0.0000000000000000E+000  -3.1391262108590920E-003 -3.6434501665905965E-005  3.1393376436143660E-003
  1.1517627170704438E+001  1.1517627170704438E+001    3730   3730   1.9999999999999998E-002 0.0000000000000000E+000  -3.1373995377968451E-003  1.4788066677440152E-004  3.1408827662575213E-003
  1.1547793502938799E+001  1.1547793502938799E+001    3740   3740   1.9999999999999998E-002 0.0000000000000000E+000  -3.1441645277602825E-003  3.8222453532903939E-004  3.1673121369756946E-003
  1.1577874845086786E+001  1.1577874845086786E+001    3750   3750   1.9999999999999998E-002 0.0000000000000000E+000  -3.1045030398296624E-003  5.9927285026081440E-004  3.1618138897429330E-003
  1.1608086627342990E+001  1.1608086627342990E+001    3760   3760   1.9999999999999998E-002 0.0000000000000000E+000  -3.0295335828199614E-003  7.7089773022707985E-004  3.1260769408162709E-003
  1.1638623972851342E+001  1.1638623972851342E+001    3770   3770   1.9999999999999998E-002 0.0000000000000000E+000  -2.9472546331369112E-003  8.6297680869588369E-004  3.0709996491197979E-003
  1.1669625349167969E+001  1.1669625349167969E+001    3780   3780   1.9999999999999998E-002 0.0000000000000000E+000  -2.8807747125403292E-003  8.4406828481054336E-004  3.0018851100324992E-003
  1.1700608212133467E+001  1.1700608212133467E+001    3790   3790   1.9999999999999998E-002 0.0000000000000000E+000  -2.8539904035328538E-003  7.0712786075936664E-004  2.9402875769080377E-003
  1.1731281021118016E+001  1.1731281021118016E+001    3800   3800   1.9999999999999998E-002 0.0000000000000000E+000  -2.8637000412250767E-003  4.8644505165089562E-004  2.9047214521169063E-003
  1.1761745988418537E+001  1.1761745988418537E+001    3810   3810   1.9999999999999998E-002 0.0000000000000000E+000  -2.8521070831630792E-003  2.5727458868209396E-004  2.8636873132048732E-003
  1.1792141561303342E+001  1.1792141561303342E+001    3820   3820   1.9999999999999998E-002 0.0000000000000000E+000  -2.7969004782512945E-003  6.5324900194454329E-005  2.7976632441785653E-003
  1.1822615823268500E+001  1.1822615823268500E+001    3830   3830   1.9999999999999998E-002 0.0000000000000000E+000  -2.7251931505969202E-003 -6.0360026265218289E-005  2.7258615226806925E-003
  1.1853303148603206E+001  1.1853303148603206E+001    3840   3840   1.9999999999999998E-002 0.0000000000000000E+000  -2.6607318187982875E-003 -8.6029604973510309E-005  2.6621222557383688E-003
  1.1884101993933959E+001  1.1884101993933959E+001    3850   3850   1.9999999999999998E-002 0.0000000000000000E+000  -2.6256631649899837E-003  4.7543515739945121E-006  2.6256674693959451E-003
  1.1914505336048681E+001  1.1914505336048681E+001    3860   3860   1.9999999999999998E-002 0.0000000000000000E+000  -2.6301886116895096E-003  1.9498831553795433E-004  2.6374064109002084E-003
  1.1944645153276896E+001  1.1944645153276896E+001    3870   3870   1.9999999999999998E-002 0.0000000000000000E+000  -2.6334627575571341E-003  4.2214549723997141E-004  2.6670832226011258E-003
  1.1974732518701623E+001  1.1974732518701623E+001    3880   3880   1.9999999999999998E-002 0.0000000000000000E+000  -2.5893751222452259E-003  6.2696999942957898E-004  2.6641987358091752E-003
  1.2004981511600143E+001  1.2004981511600143E+001    3890   3890   1.9999999999999998E-002 0.0000000000000000E+000  -2.5155469281169060E-003  7.8382709007072639E-004  2.6348360963610515E-003
  1.2035581860053721E+001  1.2035581860053721E+001    3900   3900   1.9999999999999998E-002 0.0000000000000000E+000  -2.4380794151018068E-003  8.5836409972034175E-004  2.5847669453998904E-003
  1.2066633926264862E+001  1.2066633926264862E+001    3910   3910   1.9999999999999998E-002 0.0000000000000000E+000  -2.3794230490839303E-003  8.2261987693673574E-004  2.5176094829109771E-003
  1.2097566060052513E+001  1.2097566060052513E+001    3920   3920   1.9999999999999998E-002 0.0000000000000000E+000  -2.3615887829168307E-003  6.7466171461884281E-004  2.4560679975870041E-003
  1.2128199994938961E+001  1.2128199994938961E+001    3930   3930   1.9999999999999998E-002 0.0000000000000000E+000  -2.3733712920668610E-003  4.5504244674745049E-004  2.4165998672409605E-003
  1.2158645226268953E+001  1.2158645226268953E+001    3940   3940   1.9999999999999998E-002 0.0000000000000000E+000  -2.3563722226330012E-003  2.3701717581827499E-004  2.3682624840226771E-003
  1.2189043239070678E+001  1.2189043239070678E+001    3950   3950   1.9999999999999998E-002 0.0000000000000000E+000  -2.2999916155081008E-003  5.8720895743111327E-005  2.3007410925622284E-003
  1.2219541503306654E+001  1.2219541503306654E+001    3960   3960   1.9999999999999998E-002 0.0000000000000000E+000  -2.2315222760267214E-003 -5.0335923608871357E-005  2.2320899116319301E-003
  1.2250270378468517E+001  1.2250270378468517E+001    3970   3970   1.9999999999999998E-002 0.0000000000000000E+000  -2.1732045947873861E-003 -5.8751783036569369E-005  2.1739986161023616E-003
  1.2281026391378677E+001  1.2281026391378677E+001    3980   3980   1.9999999999999998E-002 0.0000000000000000E+000  -2.1463542838956670E-003  4.5552894267225969E-005  2.1468376226844454E-003
  1.2311377777924628E+001  1.2311377777924628E+001    3990   3990   1.9999999999999998E-002 0.0000000000000000E+000  -2.1557007053752244E-003  2.3989066701144254E-004  2.1690073912447678E-003
  1.2341495880530501E+001  1.2341495880530501E+001    4000   4000   1.9999999999999998E-002 0.0000000000000000E+000  -2.1543910691085010E-003  4.5894602511206645E-004  2.2027329235793966E-003
  1.2371594127019029E+001  1.2371594127019029E+001    4010   4010   1.9999999999999998E-002 0.0000000000000000E+000  -2.1066575477296818E-003  6.5191110410553605E-004  2.2052197421260624E-003
  1.2401884648591705E+001  1.2401884648591705E+001    4020   4020   1.9999999999999998E-002 0.0000000000000000E+000  -2.0343775064993230E-003  7.9413632910873435E-004  2.1838828604484943E-003
  1.2432551114831040E+001  1.2432551114831040E+001    4030   4030   1.9999999999999998E-002 0.0000000000000000E+000  -1.9618098670239819E-003  8.5161023751246300E-004  2.1386766822006282E-003
  1.2463635244285786E+001  1.2463635244285786E+001    4040   4040   1.9999999999999998E-002 0.0000000000000000E+000  -1.9109521669976556E-003  8.0002254719795491E-004  2.0716597839843640E-003
  1.2494517774936988E+001  1.2494517774936988E+001    4050   4050   1.9999999999999998E-002 0.0000000000000000E+000  -1.9012654376520643E-003  6.4256728967801546E-004  2.0069137963984520E-003
  1.2525115345141413E+001  1.2525115345141413E+001    4060   4060   1.9999999999999998E-002 0.0000000000000000E+000  -1.9133358515035364E-003  4.2576755861921373E-004  1.9601357337238994E-003
  1.2555544063732138E+001  1.2555544063732138E+001    4070   4070   1.9999999999999998E-002 0.0000000000000000E+000  -1.8910684792371343E-003  2.1886147661039720E-004  1.9036912404873673E-003
  1.2585947871430434E+001  1.2585947871430434E+001    4080   4080   1.9999999999999998E-002 0.0000000000000000E+000  -1.8341702859959811E-003  5.4014558390823692E-005  1.8349654521403762E-003
  1.2616473113017083E+001  1.2616473113017083E+001    4090   4090   1.9999999999999998E-002 0.0000000000000000E+000  -1.7691231864526364E-003 -3.8723273637166833E-005  1.7695469309304878E-003
  1.2647245604301886E+001  1.2647245604301886E+001    4100   4100   1.9999999999999998E-002 0.0000000000000000E+000  -1.7169736190078685E-003 -3.0650157287028556E-005  1.7172471693121806E-003
  1.2677941038804576E+001  1.2677941038804576E+001    4110   4110   1.9999999999999998E-002 0.0000000000000000E+000  -1.6979619937347161E-003  8.5871808064114212E-005  1.7001320241639390E-003
  1.2708244650212672E+001  1.2708244650212672E+001    4120   4120   1.9999999999999998E-002 0.0000000000000000E+000  -1.7106060586074594E-003  2.8250375339074590E-004  1.7337766460603873E-003
  1.2738345891888602E+001  1.2738345891888602E+001    4130   4130   1.9999999999999998E-002 0.0000000000000000E+000  -1.7040130197341647E-003  4.9285089269825226E-004  1.7738552291145439E-003
  1.2768459831861846E+001  1.2768459831861846E+001    4140   4140   1.9999999999999998E-002 0.0000000000000000E+000  -1.6534260444616457E-003  6.7424910631937562E-004  1.7856174119549129E-003
  1.2798796061335524E+001  1.2798796061335524E+001    4150   4150   1.9999999999999998E-002 0.0000000000000000E+000  -1.5830414439553221E-003  8.0194760453131053E-004  1.7745816897775257E-003
  1.2829531499102537E+001  1.2829531499102537E+001    4160   4160   1.9999999999999998E-002 0.0000000000000000E+000  -1.5154709449365942E-003  8.4285769071170104E-004  1.7340880230654025E-003
  1.2860627984666983E+001  1.2860627984666983E+001    4170   4170   1.9999999999999998E-002 0.0000000000000000E+000  -1.4723658491466695E-003  7.7643806018952545E-004  1.6645471621568031E-003
  1.2891462303944754E+001  1.2891462303944754E+001    4180   4180   1.9999999999999998E-002 0.0000000000000000E+000  -1.4698950724771888E-003  6.1105510214810259E-004  1.5918479393315017E-003
  1.2922026177551273E+001  1.2922026177551273E+001    4190   4190   1.9999999999999998E-002 0.0000000000000000E+000  -1.4806283144793425E-003  3.9862218754820268E-004  1.5333492276854787E-003
  1.2952441665568645E+001  1.2952441665568645E+001    4200   4200   1.9999999999999998E-002 0.0000000000000000E+000  -1.4535049768445363E-003  2.0268765234621670E-004  1.4675690791664484E-003
  1.2982854595859654E+001  1.2982854595859654E+001    4210   4210   1.9999999999999998E-002 0.0000000000000000E+000  -1.3966629911642938E-003  5.1158917332962907E-005  1.3975996371317049E-003
  1.3013409680936314E+001  1.3013409680936314E+001    4220   4220   1.9999999999999998E-002 0.0000000000000000E+000  -1.3352028650175447E-003 -2.5590137655302593E-005  1.3354480693371333E-003
  1.3044220289018673E+001  1.3044220289018673E+001    4230   4230   1.9999999999999998E-002 0.0000000000000000E+000  -1.2892614945029299E-003 -1.8138695939345428E-006  1.2892627704742085E-003
  1.3074847030315916E+001  1.3074847030315916E+001    4240   4240   1.9999999999999998E-002 0.0000000000000000E+000  -1.2776096492765973E-003  1.2560988410145037E-004  1.2837695505458328E-003
  1.3105107197092107E+001  1.3105107197092107E+001    4250   4250   1.9999999999999998E-002 0.0000000000000000E+000  -1.2919795584279800E-003  3.2277405644161389E-004  1.3316885037078052E-003
  1.3135196462927543E+001  1.3135196462927543E+001    4260   4260   1.9999999999999998E-002 0.0000000000000000E+000  -1.2797872160686232E-003  5.2407922776204447E-004  1.3829368587843546E-003
  1.3165330853402859E+001  1.3165330853402859E+001    4270   4270   1.9999999999999998E-002 0.0000000000000000E+000  -1.2271005584639993E-003  6.9411465191359225E-004  1.4098123742483559E-003
  1.3195716826798919E+001  1.3195716826798919E+001    4280   4280   1.9999999999999998E-002 0.0000000000000000E+000  -1.1589103454164308E-003  8.0737938623688609E-004  1.4124215596037474E-003
  1.3226523822992897E+001  1.3226523822992897E+001    4290   4290   1.9999999999999998E-002 0.0000000000000000E+000  -1.0964452368461246E-003  8.3224206016877797E-004  1.3765242475585115E-003
  1.3257613601418807E+001  1.3257613601418807E+001    4300   4300   1.9999999999999998E-002 0.0000000000000000E+000  -1.0610086877950488E-003  7.5201786347045045E-004  1.3004884861294363E-003
  1.3288401322004794E+001  1.3288401322004794E+001    4310   4310   1.9999999999999998E-002 0.0000000000000000E+000  -1.0646850489701551E-003  5.8032297232104799E-004  1.2125712373729296E-003
  1.3318934289544321E+001  1.3318934289544321E+001    4320   4320   1.9999999999999998E-002 0.0000000000000000E+000  -1.0726963892019152E-003  3.7354664874300818E-004  1.1358761561869141E-003
  1.3349339866433276E+001  1.3349339866433276E+001    4330   4330   1.9999999999999998E-002 0.0000000000000000E+000  -1.0413085907097487E-003  1.8838652219226268E-004  1.0582122012288550E-003
  1.3379765212642691E+001  1.3379765212642691E+001    4340   4340   1.9999999999999998E-002 0.0000000000000000E+000  -9.8501604671662441E-004  5.0100703314781354E-005  9.8628935549456429E-004
  1.3410352902852198E+001  1.3410352902852198E+001    4350   4350   1.9999999999999998E-002 0.0000000000000000E+000  -9.2729577062913062E-004 -1.1010266712841738E-005  9.2736113364738379E-004
  1.3441183220597552E+001  1.3441183220597552E+001    4360   4360   1.9999999999999998E-002 0.0000000000000000E+000  -8.8760845471073182E-004  2.7640523551148596E-005  8.8803871954783311E-004
  1.3471744402564373E+001  1.3471744402564373E+001    4370   4370   1.9999999999999998E-002 0.0000000000000000E+000  -8.8272338925271931E-004  1.6464121718902557E-004  8.9794616338135302E-004
  1.3501965598216529E+001  1.3501965598216529E+001    4380   4380   1.9999999999999998E-002 0.0000000000000000E+000  -8.9726064513870973E-004  3.6067324549564867E-004  9.6703767006828549E-004
  1.3532047794681407E+001  1.3532047794681407E+001    4390   4390   1.9999999999999998E-002 0.0000000000000000E+000  -8.7949757514556790E-004  5.5281934785712891E-004  1.0388095186568688E-003
  1.3562207320337513E+001  1.3562207320337513E+001    4400   4400   1.9999999999999998E-002 0.0000000000000000E+000  -8.2539971136382384E-004  7.1160958937950988E-004  1.0898040609285499E-003
  1.3592646902771443E+001  1.3592646902771443E+001    4410   4410   1.9999999999999998E-002 0.0000000000000000E+000  -7.5966536901246417E-004  8.1054085890036322E-004  1.1108861133454601E-003
  1.3623527736987510E+001  1.3623527736987510E+001    4420   4420   1.9999999999999998E-002 0.0000000000000000E+000  -7.0242426105514432E-004  8.1989169209000518E-004  1.0796398609152395E-003
  1.3654590904621137E+001  1.3654590904621137E+001    4430   4430   1.9999999999999998E-002 0.0000000000000000E+000  -6.7451607292643567E-004  7.2692553626750413E-004  9.9166156924320674E-004
  1.3685333873486660E+001  1.3685333873486660E+001    4440   4440   1.9999999999999998E-002 0.0000000000000000E+000  -6.8313191567620110E-004  5.5058042120450005E-004  8.7738703798788879E-004
  1.3715838852522788E+001  1.3715838852522788E+001    4450   4450   1.9999999999999998E-002 0.0000000000000000E+000  -6.8734311632149793E-004  3.5046761476311210E-004  7.7153620041595800E-004
  1.3746237869601793E+001  1.3746237869601793E+001    4460   4460   1.9999999999999998E-002 0.0000000000000000E+000  -6.5238061750080245E-004  1.7588741979599832E-004  6.7567511019218553E-004
  1.3776678873551990E+001  1.3776678873551990E+001    4470   4470   1.9999999999999998E-002 0.0000000000000000E+000  -5.9706050289874150E-004  5.0798565479412518E-005  5.9921760519569540E-004
  1.3807301795970863E+001  1.3807301795970863E+001    4480   4480   1.9999999999999998E-002 0.0000000000000000E+000  -5.4322650425119176E-004  4.9435709339336826E-006  5.4324899798761601E-004
  1.3838135293333249E+001  1.3838135293333249E+001    4490   4490   1.9999999999999998E-002 0.0000000000000000E+000  -5.0981299284736998E-004  5.7617761962745079E-005  5.1305856797210598E-004
  1.3868634309914325E+001  1.3868634309914325E+001    4500   4500   1.9999999999999998E-002 0.0000000000000000E+000  -5.1098567059682231E-004  2.0283018737111251E-004  5.4976944300705259E-004
  1.3898821117103230E+001  1.3898821117103230E+001    4510   4510   1.9999999999999998E-002 0.0000000000000000E+000  -5.2422023434084570E-004  3.9622060917172202E-004  6.5711309926433649E-004
  1.3928901154354007E+001  1.3928901154354007E+001    4520   4520   1.9999999999999998E-002 0.0000000000000000E+000  -5.0119251396247150E-004  5.7923897994028790E-004  7.6597110385071793E-004
  1.3959090419836741E+001  1.3959090419836741E+001    4530   4530   1.9999999999999998E-002 0.0000000000000000E+000  -4.4629462878983146E-004  7.2682494614978132E-004  8.5290878646680976E-004
  1.3989587301392696E+001  1.3989587301392696E+001    4540   4540   1.9999999999999998E-002 0.0000000000000000E+000  -3.8324947722645724E-004  8.1154091795657024E-004  8.9748472037809392E-004
  1.4020543939218804E+001  1.4020543939218804E+001    4550   4550   1.9999999999999998E-002 0.0000000000000000E+000  -3.3135978939743102E-004  8.0592899420430050E-004  8.7139018454918648E-004
  1.4051561383974791E+001  1.4051561383974791E+001    4560   4560   1.9999999999999998E-002 0.0000000000000000E+000  -3.1076489309665364E-004  7.0131981729741044E-004  7.6708819891551440E-004
  1.4082261639802490E+001  1.4082261639802490E+001    4570   4570   1.9999999999999998E-002 0.0000000000000000E+000  -3.2299527799435154E-004  5.2200366355036234E-004  6.1385158985429724E-004
  1.4112741643317283E+001  1.4112741643317283E+001    4580   4580   1.9999999999999998E-002 0.0000000000000000E+000  -3.2267010963269315E-004  3.2927779896097360E-004  4.6102046433857744E-004
  1.4143137466717901E+001  1.4143137466717901E+001    4590   4590   1.9999999999999998E-002 0.0000000000000000E+000  -2.8484884260205518E-004  1.6512512377976511E-004  3.2924940339355686E-004
  1.4173597315356114E+001  1.4173597315356114E+001    4600   4600   1.9999999999999998E-002 0.0000000000000000E+000  -2.3086360138201311E-004  5.3202044146214886E-005  2.3691445701858055E-004
  1.4204257968889459E+001  1.4204257968889459E+001    4610   4610   1.9999999999999998E-002 0.0000000000000000E+000  -1.8106063788655863E-004  2.2196828067171936E-005  1.8241615544718374E-004
  1.4235076348747810E+001  1.4235076348747810E+001    4620   4620   1.9999999999999998E-002 0.0000000000000000E+000  -1.5390762118235952E-004  8.8015547831013343E-005  1.7729718699969856E-004
  1.4265516846536518E+001  1.4265516846536518E+001    4630   4630   1.9999999999999998E-002 0.0000000000000000E+000  -1.6029848336407019E-004  2.4002229917833628E-004  2.8862832132636576E-004
  1.4295673949531484E+001  1.4295673949531484E+001    4640   4640   1.9999999999999998E-002 0.0000000000000000E+000  -1.7092738553157163E-004  4.2946662103231254E-004  4.6223127296362207E-004
  1.4325756729557184E+001  1.4325756729557184E+001    4650   4650   1.9999999999999998E-002 0.0000000000000000E+000  -1.4314199955774940E-004  6.0347011579744060E-004  6.2021432803343650E-004
  1.4355980239716314E+001  1.4355980239716314E+001    4660   4660   1.9999999999999998E-002 0.0000000000000000E+000  -8.7979117314017027E-005  7.3983451341604355E-004  7.4504726851717775E-004
  1.4386537903961924E+001  1.4386537903961924E+001    4670   4670   1.9999999999999998E-002 0.0000000000000000E+000  -2.7836611675626525E-005  8.1048315783359399E-004  8.1096105090287426E-004
  1.4417557865767687E+001  1.4417557865767687E+001    4680   4680   1.9999999999999998E-002 0.0000000000000000E+000   1.8556484277193723E-005  7.9050664056182515E-004  7.9072440956446543E-004
  1.4448523970528228E+001  1.4448523970528228E+001    4690   4690   1.9999999999999998E-002 0.0000000000000000E+000   3.2163403895315703E-005  6.7537939950351733E-004  6.7614482015605563E-004
  1.4479183753353055E+001  1.4479183753353055E+001    4700   4700   1.9999999999999998E-002 0.0000000000000000E+000   1.7724156226011169E-005  4.9475636586587281E-004  4.9507373923359079E-004
  1.4509641891031364E+001  1.4509641891031364E+001    4710   4710   1.9999999999999998E-002 0.0000000000000000E+000   2.2972184344667998E-005  3.0988187067358712E-004  3.1073219180787683E-004
  1.4540037892816187E+001  1.4540037892816187E+001    4720   4720   1.9999999999999998E-002 0.0000000000000000E+000   6.2956486885243316E-005  1.5606161938392519E-004  1.6828175268181917E-004
  1.4570519697596260E+001  1.4570519697596260E+001    4730   4730   1.9999999999999998E-002 0.0000000000000000E+000   1.1529337028716799E-004  5.7265857666389452E-005  1.2873204607416606E-004
  1.4601220419635369E+001  1.4601220419635369E+001    4740   4740   1.9999999999999998E-002 0.0000000000000000E+000   1.6092087091361008E-004  4.0674258196310262E-005  1.6598169168741135E-004
  1.4632007376875588E+001  1.4632007376875588E+001    4750   4750   1.9999999999999998E-002 0.0000000000000000E+000   1.8187795886754379E-004  1.1873015757817708E-004  2.1720138636841781E-004
  1.4662393213598168E+001  1.4662393213598168E+001    4760   4760   1.9999999999999998E-002 0.0000000000000000E+000   1.7124186149487215E-004  2.7606538607007240E-004  3.2486285185328145E-004
  1.4692525369752020E+001  1.4692525369752020E+001    4770   4770   1.9999999999999998E-002 0.0000000000000000E+000   1.6428528919719925E-004  4.6050134063713334E-004  4.8892856428644524E-004
  1.4722615772252809E+001  1.4722615772252809E+001    4780   4780   1.9999999999999998E-002 0.0000000000000000E+000   1.9620068218619895E-004  6.2562466011286472E-004  6.5566830259794262E-004
  1.4752877926294809E+001  1.4752877926294809E+001    4790   4790   1.9999999999999998E-002 0.0000000000000000E+000   2.5116384424319404E-004  7.5070922845165410E-004  7.9161077704734239E-004
  1.4783499645684676E+001  1.4783499645684676E+001    4800   4800   1.9999999999999998E-002 0.0000000000000000E+000   3.0820296459098330E-004  8.0747121738261249E-004  8.6429094307647869E-004
  1.4814564469999149E+001  1.4814564469999149E+001    4810   4810   1.9999999999999998E-002 0.0000000000000000E+000   3.4896131843458126E-004  7.7377249877036833E-004  8.4882146627953574E-004
  1.4845480181994846E+001  1.4845480181994846E+001    4820   4820   1.9999999999999998E-002 0.0000000000000000E+000   3.5601579882993013E-004  6.4928151246651939E-004  7.4048209394105155E-004
  1.4876101893710522E+001  1.4876101893710522E+001    4830   4830   1.9999999999999998E-002 0.0000000000000000E+000   3.4079539584052023E-004  4.6894759626911897E-004  5.7970108665818589E-004
  1.4906541345057497E+001  1.4906541345057497E+001    4840   4840   1.9999999999999998E-002 0.0000000000000000E+000   3.5103277448975567E-004  2.9217699190474139E-004  4.5671807864861113E-004
  1.4936940890649190E+001  1.4936940890649190E+001    4850   4850   1.9999999999999998E-002 0.0000000000000000E+000   3.9253687083863679E-004  1.4865779990654084E-004  4.1974317914748988E-004
  1.4967447687199517E+001  1.4967447687199517E+001    4860   4860   1.9999999999999998E-002 0.0000000000000000E+000   4.4295115847222996E-004  6.2935710085275449E-005  4.4739985739361660E-004
  1.4998190661415020E+001  1.4998190661415020E+001    4870   4870   1.9999999999999998E-002 0.0000000000000000E+000   4.8425786082070239E-004  6.0301793475029530E-005  4.8799793243716500E-004
  1.5028928311339626E+001  1.5028928311339626E+001    4880   4880   1.9999999999999998E-002 0.0000000000000000E+000   4.9914652868855737E-004  1.4964523696492298E-004  5.2109591636101386E-004
  1.5059263548896668E+001  1.5059263548896668E+001    4890   4890   1.9999999999999998E-002 0.0000000000000000E+000   4.8536289560391345E-004  3.1080566302225300E-004  5.7634824593792046E-004
  1.5089375580315573E+001  1.5089375580315573E+001    4900   4900   1.9999999999999998E-002 0.0000000000000000E+000   4.8285794879071408E-004  4.8942843056111966E-004  6.8752599031010932E-004
  1.5119478448904946E+001  1.5119478448904946E+001    4910   4910   1.9999999999999998E-002 0.0000000000000000E+000   5.1822265217255889E-004  6.4578531098464111E-004  8.2800566731652907E-004
  1.5149783517481621E+001  1.5149783517481621E+001    4920   4920   1.9999999999999998E-002 0.0000000000000000E+000   5.7258189913572614E-004  7.5951109661554587E-004  9.5116094174436316E-004
  1.5180472317971149E+001  1.5180472317971149E+001    4930   4930   1.9999999999999998E-002 0.0000000000000000E+000   6.2632403132651246E-004  8.0260506208112101E-004  1.0180651638747562E-003
  1.5211562517230170E+001  1.5211562517230170E+001    4940   4940   1.9999999999999998E-002 0.0000000000000000E+000   6.6133399919944437E-004  7.5586667994821770E-004  1.0043391341340195E-003
  1.5242429061019215E+001  1.5242429061019215E+001    4950   4950   1.9999999999999998E-002 0.0000000000000000E+000   6.6239414421981397E-004  6.2322572940737961E-004  9.0949233756643597E-004
  1.5273015271945274E+001  1.5273015271945274E+001    4960   4960   1.9999999999999998E-002 0.0000000000000000E+000   6.4777166494932592E-004  4.4465711775378782E-004  7.8570228603481080E-004
  1.5303439284308053E+001  1.5303439284308053E+001    4970   4970   1.9999999999999998E-002 0.0000000000000000E+000   6.6279413519472818E-004  2.7608778370803843E-004  7.1799758353447424E-004
  1.5333845720146534E+001  1.5333845720146534E+001    4980   4980   1.9999999999999998E-002 0.0000000000000000E+000   7.0523935504424200E-004  1.4289147014453742E-004  7.1956967705934191E-004
  1.5364380444316458E+001  1.5364380444316458E+001    4990   4990   1.9999999999999998E-002 0.0000000000000000E+000   7.5348672050083171E-004  7.0158753320853586E-005  7.5674598686655407E-004
  1.5395167664685951E+001  1.5395167664685951E+001    5000   5000   1.9999999999999998E-002 0.0000000000000000E+000   7.9032956399618106E-004  8.1002168914923764E-005  7.9446974208922238E-004
