# 01:time 02:total_time 03:iteration 04:total_iteration 05:X 06:Y 007:P_OVER_RHO
 0.0000000000000000E+000 0.0000000000000000E+000       0      0   1.9999999999999998E-002 0.0000000000000000E+000 -1.9261427181239138E-005
  1.7938510864529466E-002  1.7938510864529466E-002      10     10   1.9999999999999998E-002 0.0000000000000000E+000  4.8497425031581951E-004
  4.6540436169914354E-002  4.6540436169914354E-002      20     20   1.9999999999999998E-002 0.0000000000000000E+000  7.5968643096390371E-004
  7.5376347378310910E-002  7.5376347378310910E-002      30     30   1.9999999999999998E-002 0.0000000000000000E+000  1.0315012922917774E-003
  1.0258117864846492E-001  1.0258117864846492E-001      40     40   1.9999999999999998E-002 0.0000000000000000E+000  1.4657201206180092E-003
  1.2960307767380041E-001  1.2960307767380041E-001      50     50   1.9999999999999998E-002 0.0000000000000000E+000  1.9958987805500878E-003
  1.5749992707448690E-001  1.5749992707448690E-001      60     60   1.9999999999999998E-002 0.0000000000000000E+000  2.4086676106977900E-003
  1.8634864772322830E-001  1.8634864772322830E-001      70     70   1.9999999999999998E-002 0.0000000000000000E+000  2.4230951230261372E-003
  2.1599439733745131E-001  2.1599439733745131E-001      80     80   1.9999999999999998E-002 0.0000000000000000E+000  1.8746482244444052E-003
  2.4582443465822607E-001  2.4582443465822607E-001      90     90   1.9999999999999998E-002 0.0000000000000000E+000  7.8983565396235189E-004
  2.7583405656174031E-001  2.7583405656174031E-001     100    100   1.9999999999999998E-002 0.0000000000000000E+000 -6.3207461587337760E-004
  3.0603291407226986E-001  3.0603291407226986E-001     110    110   1.9999999999999998E-002 0.0000000000000000E+000 -2.1209990010721004E-003
  3.3642268819009069E-001  3.3642268819009069E-001     120    120   1.9999999999999998E-002 0.0000000000000000E+000 -3.4727734375577421E-003
  3.6699825285376026E-001  3.6699825285376026E-001     130    130   1.9999999999999998E-002 0.0000000000000000E+000 -4.5917237070038225E-003
  3.9769102381425200E-001  3.9769102381425200E-001     140    140   1.9999999999999998E-002 0.0000000000000000E+000 -5.4581876490804539E-003
  4.2847023746856489E-001  4.2847023746856489E-001     150    150   1.9999999999999998E-002 0.0000000000000000E+000 -6.0939220865851524E-003
  4.5933511780304590E-001  4.5933511780304590E-001     160    160   1.9999999999999998E-002 0.0000000000000000E+000 -6.5344499417716894E-003
  4.9028368698366602E-001  4.9028368698366602E-001     170    170   1.9999999999999998E-002 0.0000000000000000E+000 -6.8160717501046121E-003
  5.2131300323688076E-001  5.2131300323688076E-001     180    180   1.9999999999999998E-002 0.0000000000000000E+000 -6.9715017865485577E-003
  5.5241931963130195E-001  5.5241931963130195E-001     190    190   1.9999999999999998E-002 0.0000000000000000E+000 -7.0287687339581337E-003
  5.8359815749409058E-001  5.8359815749409058E-001     200    200   1.9999999999999998E-002 0.0000000000000000E+000 -7.0114033970437796E-003
  6.1484422678117809E-001  6.1484422678117809E-001     210    210   1.9999999999999998E-002 0.0000000000000000E+000 -6.9389846391414469E-003
  6.4615092377297624E-001  6.4615092377297624E-001     220    220   1.9999999999999998E-002 0.0000000000000000E+000 -6.8276281684794168E-003
  6.7750979095475818E-001  6.7750979095475818E-001     230    230   1.9999999999999998E-002 0.0000000000000000E+000 -6.6904289086373225E-003
  7.0891161338693544E-001  7.0891161338693544E-001     240    240   1.9999999999999998E-002 0.0000000000000000E+000 -6.5378147161083584E-003
  7.4034952915799543E-001  7.4034952915799543E-001     250    250   1.9999999999999998E-002 0.0000000000000000E+000 -6.3779120854807205E-003
  7.7182080390241250E-001  7.7182080390241250E-001     260    260   1.9999999999999998E-002 0.0000000000000000E+000 -6.2167451646365936E-003
  8.0332480168193391E-001  8.0332480168193391E-001     270    270   1.9999999999999998E-002 0.0000000000000000E+000 -6.0584265401024124E-003
  8.3486022318965815E-001  8.3486022318965815E-001     280    280   1.9999999999999998E-002 0.0000000000000000E+000 -5.9055834690861548E-003
  8.6642502215709438E-001  8.6642502215709438E-001     290    290   1.9999999999999998E-002 0.0000000000000000E+000 -5.7599811224566312E-003
  8.9801751542614507E-001  8.9801751542614507E-001     300    300   1.9999999999999998E-002 0.0000000000000000E+000 -5.6229449377358777E-003
  9.2963641990341798E-001  9.2963641990341798E-001     310    310   1.9999999999999998E-002 0.0000000000000000E+000 -5.4954274665966096E-003
  9.6128044439847375E-001  9.6128044439847375E-001     320    320   1.9999999999999998E-002 0.0000000000000000E+000 -5.3779479088729482E-003
  9.9294834175721788E-001  9.9294834175721788E-001     330    330   1.9999999999999998E-002 0.0000000000000000E+000 -5.2706185190743006E-003
  1.0246390002544900E+000  1.0246390002544900E+000     340    340   1.9999999999999998E-002 0.0000000000000000E+000 -5.1732300582961663E-003
  1.0563513191119755E+000  1.0563513191119755E+000     350    350   1.9999999999999998E-002 0.0000000000000000E+000 -5.0853438487258886E-003
  1.0880841365626616E+000  1.0880841365626616E+000     360    360   1.9999999999999998E-002 0.0000000000000000E+000 -5.0063434538096913E-003
  1.1198362559333920E+000  1.1198362559333920E+000     370    370   1.9999999999999998E-002 0.0000000000000000E+000 -4.9355084287132502E-003
  1.1516064505913583E+000  1.1516064505913583E+000     380    380   1.9999999999999998E-002 0.0000000000000000E+000 -4.8720645725361624E-003
  1.1833934694661887E+000  1.1833934694661887E+000     390    390   1.9999999999999998E-002 0.0000000000000000E+000 -4.8152302908255624E-003
  1.2151960883614543E+000  1.2151960883614543E+000     400    400   1.9999999999999998E-002 0.0000000000000000E+000 -4.7642541059909371E-003
  1.2470131760826095E+000  1.2470131760826095E+000     410    410   1.9999999999999998E-002 0.0000000000000000E+000 -4.7184479213071339E-003
  1.2788437450123186E+000  1.2788437450123186E+000     420    420   1.9999999999999998E-002 0.0000000000000000E+000 -4.6772037560992165E-003
  1.3106869875861439E+000  1.3106869875861439E+000     430    430   1.9999999999999998E-002 0.0000000000000000E+000 -4.6399875967197568E-003
  1.3425423019333566E+000  1.3425423019333566E+000     440    440   1.9999999999999998E-002 0.0000000000000000E+000 -4.6063354143411894E-003
  1.3744092995964323E+000  1.3744092995964323E+000     450    450   1.9999999999999998E-002 0.0000000000000000E+000 -4.5758413412153995E-003
  1.4062877868575165E+000  1.4062877868575165E+000     460    460   1.9999999999999998E-002 0.0000000000000000E+000 -4.5481391035340710E-003
  1.4381777165625637E+000  1.4381777165625637E+000     470    470   1.9999999999999998E-002 0.0000000000000000E+000 -4.5229015904527916E-003
  1.4700791159309051E+000  1.4700791159309051E+000     480    480   1.9999999999999998E-002 0.0000000000000000E+000 -4.4998341372332388E-003
  1.5019919994113408E+000  1.5019919994113408E+000     490    490   1.9999999999999998E-002 0.0000000000000000E+000 -4.4786745739034810E-003
  1.5339162794352878E+000  1.5339162794352878E+000     500    500   1.9999999999999998E-002 0.0000000000000000E+000 -4.4592015640126732E-003
  1.5658516878701576E+000  1.5658516878701576E+000     510    510   1.9999999999999998E-002 0.0000000000000000E+000 -4.4412358148895627E-003
  1.5977977207034930E+000  1.5977977207034930E+000     520    520   1.9999999999999998E-002 0.0000000000000000E+000 -4.4246215867726084E-003
  1.6297536176023399E+000  1.6297536176023399E+000     530    530   1.9999999999999998E-002 0.0000000000000000E+000 -4.4091838426138831E-003
  1.6617183853056332E+000  1.6617183853056332E+000     540    540   1.9999999999999998E-002 0.0000000000000000E+000 -4.3947048506245174E-003
  1.6936908666824450E+000  1.6936908666824450E+000     550    550   1.9999999999999998E-002 0.0000000000000000E+000 -4.3809372598108300E-003
  1.7256698493442930E+000  1.7256698493442930E+000     560    560   1.9999999999999998E-002 0.0000000000000000E+000 -4.3676506068522886E-003
  1.7576541998158616E+000  1.7576541998158616E+000     570    570   1.9999999999999998E-002 0.0000000000000000E+000 -4.3546878843326783E-003
  1.7896430040793720E+000  1.7896430040793720E+000     580    580   1.9999999999999998E-002 0.0000000000000000E+000 -4.3420113736425829E-003
  1.8216356929703447E+000  1.8216356929703447E+000     590    590   1.9999999999999998E-002 0.0000000000000000E+000 -4.3297025135197948E-003
  1.8536321303592071E+000  1.8536321303592071E+000     600    600   1.9999999999999998E-002 0.0000000000000000E+000 -4.3179188996305972E-003
  1.8856326448198348E+000  1.8856326448198348E+000     610    610   1.9999999999999998E-002 0.0000000000000000E+000 -4.3068103097897596E-003
  1.9176379916583488E+000  1.9176379916583488E+000     620    620   1.9999999999999998E-002 0.0000000000000000E+000 -4.2964490509349388E-003
  1.9496492414941082E+000  1.9496492414941082E+000     630    630   1.9999999999999998E-002 0.0000000000000000E+000 -4.2868022022662080E-003
  1.9816676047293462E+000  1.9816676047293462E+000     640    640   1.9999999999999998E-002 0.0000000000000000E+000 -4.2777761520247645E-003
  2.0136942129793165E+000  2.0136942129793165E+000     650    650   1.9999999999999998E-002 0.0000000000000000E+000 -4.2693088096102354E-003
  2.0457298874213130E+000  2.0457298874213130E+000     660    660   1.9999999999999998E-002 0.0000000000000000E+000 -4.2614484918191131E-003
  2.0777749282091355E+000  2.0777749282091355E+000     670    670   1.9999999999999998E-002 0.0000000000000000E+000 -4.2543605128924824E-003
  2.1098289597710402E+000  2.1098289597710402E+000     680    680   1.9999999999999998E-002 0.0000000000000000E+000 -4.2482472043536994E-003
  2.1418908630793080E+000  2.1418908630793080E+000     690    690   1.9999999999999998E-002 0.0000000000000000E+000 -4.2431820674377727E-003
  2.1739588184222502E+000  2.1739588184222502E+000     700    700   1.9999999999999998E-002 0.0000000000000000E+000 -4.2389416001265214E-003
  2.2060304681974396E+000  2.2060304681974396E+000     710    710   1.9999999999999998E-002 0.0000000000000000E+000 -4.2349627065106965E-003
  2.2381031913996789E+000  2.2381031913996789E+000     720    720   1.9999999999999998E-002 0.0000000000000000E+000 -4.2305052469496864E-003
  2.2701744600311943E+000  2.2701744600311943E+000     730    730   1.9999999999999998E-002 0.0000000000000000E+000 -4.2249952028996702E-003
  2.3022422289133701E+000  2.3022422289133701E+000     740    740   1.9999999999999998E-002 0.0000000000000000E+000 -4.2183813809088803E-003
  2.3343052996781468E+000  2.3343052996781468E+000     750    750   1.9999999999999998E-002 0.0000000000000000E+000 -4.2113014939201605E-003
  2.3663635945808381E+000  2.3663635945808381E+000     760    760   1.9999999999999998E-002 0.0000000000000000E+000 -4.2048893327221801E-003
  2.3984182848783581E+000  2.3984182848783581E+000     770    770   1.9999999999999998E-002 0.0000000000000000E+000 -4.2002619902122040E-003
  2.4304717355660643E+000  2.4304717355660643E+000     780    780   1.9999999999999998E-002 0.0000000000000000E+000 -4.1978521786492857E-003
  2.4625272524003736E+000  2.4625272524003736E+000     790    790   1.9999999999999998E-002 0.0000000000000000E+000 -4.1970844805760885E-003
  2.4945886463555795E+000  2.4945886463555795E+000     800    800   1.9999999999999998E-002 0.0000000000000000E+000 -4.1966893356252601E-003
  2.5266596577429369E+000  2.5266596577429369E+000     810    810   1.9999999999999998E-002 0.0000000000000000E+000 -4.1954780327443268E-003
  2.5587433078158081E+000  2.5587433078158081E+000     820    820   1.9999999999999998E-002 0.0000000000000000E+000 -4.1933134818849708E-003
  2.5908412660772852E+000  2.5908412660772852E+000     830    830   1.9999999999999998E-002 0.0000000000000000E+000 -4.1916184908685538E-003
  2.6229533327214231E+000  2.6229533327214231E+000     840    840   1.9999999999999998E-002 0.0000000000000000E+000 -4.1929545880407257E-003
  2.6550771363602425E+000  2.6550771363602425E+000     850    850   1.9999999999999998E-002 0.0000000000000000E+000 -4.1996594429996658E-003
  2.6872081326570529E+000  2.6872081326570529E+000     860    860   1.9999999999999998E-002 0.0000000000000000E+000 -4.2121379602900708E-003
  2.7193399562221856E+000  2.7193399562221856E+000     870    870   1.9999999999999998E-002 0.0000000000000000E+000 -4.2278558199432314E-003
  2.7514651263664506E+000  2.7514651263664506E+000     880    880   1.9999999999999998E-002 0.0000000000000000E+000 -4.2419986978005495E-003
  2.7835760431976463E+000  2.7835760431976463E+000     890    890   1.9999999999999998E-002 0.0000000000000000E+000 -4.2498817673079303E-003
  2.8156661455863476E+000  2.8156661455863476E+000     900    900   1.9999999999999998E-002 0.0000000000000000E+000 -4.2500229910696507E-003
  2.8477310531489843E+000  2.8477310531489843E+000     910    910   1.9999999999999998E-002 0.0000000000000000E+000 -4.2460461294494971E-003
  2.8797694935020711E+000  2.8797694935020711E+000     920    920   1.9999999999999998E-002 0.0000000000000000E+000 -4.2458547600918334E-003
  2.9117838320840530E+000  2.9117838320840530E+000     930    930   1.9999999999999998E-002 0.0000000000000000E+000 -4.2578113478391390E-003
  2.9437800715439328E+000  2.9437800715439328E+000     940    940   1.9999999999999998E-002 0.0000000000000000E+000 -4.2854807138002728E-003
  2.9757672603692100E+000  2.9757672603692100E+000     950    950   1.9999999999999998E-002 0.0000000000000000E+000 -4.3240037242291275E-003
  3.0077563308100772E+000  3.0077563308100772E+000     960    960   1.9999999999999998E-002 0.0000000000000000E+000 -4.3612710712840279E-003
  3.0397584629986380E+000  3.0397584629986380E+000     970    970   1.9999999999999998E-002 0.0000000000000000E+000 -4.3847189653038389E-003
  3.0717831381049376E+000  3.0717831381049376E+000     980    980   1.9999999999999998E-002 0.0000000000000000E+000 -4.3906248898659763E-003
  3.1038361072814355E+000  3.1038361072814355E+000     990    990   1.9999999999999998E-002 0.0000000000000000E+000 -4.3901618282521148E-003
  3.1359175713902627E+000  3.1359175713902627E+000    1000   1000   1.9999999999999998E-002 0.0000000000000000E+000 -4.4069331654422487E-003
  3.1680209328017689E+000  3.1680209328017689E+000    1010   1010   1.9999999999999998E-002 0.0000000000000000E+000 -4.4642932061227194E-003
  3.2001325125401804E+000  3.2001325125401804E+000    1020   1020   1.9999999999999998E-002 0.0000000000000000E+000 -4.5671426325370818E-003
  3.2322325640972104E+000  3.2322325640972104E+000    1030   1030   1.9999999999999998E-002 0.0000000000000000E+000 -4.6903784584785181E-003
  3.2642977188099218E+000  3.2642977188099218E+000    1040   1040   1.9999999999999998E-002 0.0000000000000000E+000 -4.7872888487715217E-003
  3.2963046687533834E+000  3.2963046687533834E+000    1050   1050   1.9999999999999998E-002 0.0000000000000000E+000 -4.8178845843514457E-003
  3.3282345128186046E+000  3.3282345128186046E+000    1060   1060   1.9999999999999998E-002 0.0000000000000000E+000 -4.7793447148878751E-003
  3.3600769026865644E+000  3.3600769026865644E+000    1070   1070   1.9999999999999998E-002 0.0000000000000000E+000 -4.7174528015493875E-003
  3.3918330365027973E+000  3.3918330365027973E+000    1080   1080   1.9999999999999998E-002 0.0000000000000000E+000 -4.7076964806617640E-003
  3.4235167216516662E+000  3.4235167216516662E+000    1090   1090   1.9999999999999998E-002 0.0000000000000000E+000 -4.8076967128881742E-003
  3.4551531287546830E+000  3.4551531287546830E+000    1100   1100   1.9999999999999998E-002 0.0000000000000000E+000 -5.0045591500542583E-003
  3.4867753121515834E+000  3.4867753121515834E+000    1110   1110   1.9999999999999998E-002 0.0000000000000000E+000 -5.2056256239059202E-003
  3.5184189141902320E+000  3.5184189141902320E+000    1120   1120   1.9999999999999998E-002 0.0000000000000000E+000 -5.2983184608953370E-003
  3.5501156664200537E+000  3.5501156664200537E+000    1130   1130   1.9999999999999998E-002 0.0000000000000000E+000 -5.2374478022694734E-003
  3.5818864538270815E+000  3.5818864538270815E+000    1140   1140   1.9999999999999998E-002 0.0000000000000000E+000 -5.0958498185633924E-003
  3.6137349958136093E+000  3.6137349958136093E+000    1150   1150   1.9999999999999998E-002 0.0000000000000000E+000 -5.0416114168354404E-003
  3.6456436844966217E+000  3.6456436844966217E+000    1160   1160   1.9999999999999998E-002 0.0000000000000000E+000 -5.2264862461941765E-003
  3.6775735161908449E+000  3.6775735161908449E+000    1170   1170   1.9999999999999998E-002 0.0000000000000000E+000 -5.6268700639213999E-003
  3.7094696840740897E+000  3.7094696840740897E+000    1180   1180   1.9999999999999998E-002 0.0000000000000000E+000 -6.0121749326616811E-003
  3.7412727725445980E+000  3.7412727725445980E+000    1190   1190   1.9999999999999998E-002 0.0000000000000000E+000 -6.1277284106432903E-003
  3.7729330520782626E+000  3.7729330520782626E+000    1200   1200   1.9999999999999998E-002 0.0000000000000000E+000 -5.9017793352673244E-003
  3.8044236007326288E+000  3.8044236007326288E+000    1210   1210   1.9999999999999998E-002 0.0000000000000000E+000 -5.5150460631415301E-003
  3.8357481440598860E+000  3.8357481440598860E+000    1220   1220   1.9999999999999998E-002 0.0000000000000000E+000 -5.3128712210860840E-003
  3.8669415262847337E+000  3.8669415262847337E+000    1230   1230   1.9999999999999998E-002 0.0000000000000000E+000 -5.5568321163396614E-003
  3.8980632734660902E+000  3.8980632734660902E+000    1240   1240   1.9999999999999998E-002 0.0000000000000000E+000 -6.1338333996668881E-003
  3.9291864589528504E+000  3.9291864589528504E+000    1250   1250   1.9999999999999998E-002 0.0000000000000000E+000 -6.6236873426805367E-003
  3.9603843707210035E+000  3.9603843707210035E+000    1260   1260   1.9999999999999998E-002 0.0000000000000000E+000 -6.6721997544662103E-003
  3.9917166319919857E+000  3.9917166319919857E+000    1270   1270   1.9999999999999998E-002 0.0000000000000000E+000 -6.2416206038039083E-003
  4.0231590776486010E+000  4.0231590776486010E+000    1280   1280   1.9999999999999998E-002 0.0000000000000000E+000 -5.6827290483439032E-003
  4.0544187532286439E+000  4.0544187532286439E+000    1290   1290   1.9999999999999998E-002 0.0000000000000000E+000 -5.5726047754563898E-003
  4.0855541423337555E+000  4.0855541423337555E+000    1300   1300   1.9999999999999998E-002 0.0000000000000000E+000 -6.1613090184234824E-003
  4.1167026211461008E+000  4.1167026211461008E+000    1310   1310   1.9999999999999998E-002 0.0000000000000000E+000 -7.0174599860969060E-003
  4.1479979253384993E+000  4.1479979253384993E+000    1320   1320   1.9999999999999998E-002 0.0000000000000000E+000 -7.5142662188167275E-003
  4.1794861984312943E+000  4.1794861984312943E+000    1330   1330   1.9999999999999998E-002 0.0000000000000000E+000 -7.2858791074734643E-003
  4.2108097097566545E+000  4.2108097097566545E+000    1340   1340   1.9999999999999998E-002 0.0000000000000000E+000 -6.4601495523219627E-003
  4.2418957412098956E+000  4.2418957412098956E+000    1350   1350   1.9999999999999998E-002 0.0000000000000000E+000 -5.7061899312505035E-003
  4.2727880268353084E+000  4.2727880268353084E+000    1360   1360   1.9999999999999998E-002 0.0000000000000000E+000 -5.7806614005070517E-003
  4.3035694070959511E+000  4.3035694070959511E+000    1370   1370   1.9999999999999998E-002 0.0000000000000000E+000 -6.6337655742350642E-003
  4.3343435740358255E+000  4.3343435740358255E+000    1380   1380   1.9999999999999998E-002 0.0000000000000000E+000 -7.5160445231467614E-003
  4.3652158110681220E+000  4.3652158110681220E+000    1390   1390   1.9999999999999998E-002 0.0000000000000000E+000 -7.7899017068132447E-003
  4.3962745031994536E+000  4.3962745031994536E+000    1400   1400   1.9999999999999998E-002 0.0000000000000000E+000 -7.2088702376807249E-003
  4.4273661244808586E+000  4.4273661244808586E+000    1410   1410   1.9999999999999998E-002 0.0000000000000000E+000 -6.1733002773800098E-003
  4.4581568236971511E+000  4.4581568236971511E+000    1420   1420   1.9999999999999998E-002 0.0000000000000000E+000 -5.6782316626888507E-003
  4.4887848914605443E+000  4.4887848914605443E+000    1430   1430   1.9999999999999998E-002 0.0000000000000000E+000 -6.2954114159250540E-003
  4.5194251930963096E+000  4.5194251930963096E+000    1440   1440   1.9999999999999998E-002 0.0000000000000000E+000 -7.4075305955426946E-003
  4.5502484982806850E+000  4.5502484982806850E+000    1450   1450   1.9999999999999998E-002 0.0000000000000000E+000 -8.2051427928068516E-003
  4.5813952979780090E+000  4.5813952979780090E+000    1460   1460   1.9999999999999998E-002 0.0000000000000000E+000 -8.0959653833428344E-003
  4.6126343777389804E+000  4.6126343777389804E+000    1470   1470   1.9999999999999998E-002 0.0000000000000000E+000 -7.0466831867616468E-003
  4.6435875242018163E+000  4.6435875242018163E+000    1480   1480   1.9999999999999998E-002 0.0000000000000000E+000 -5.8939085857682727E-003
  4.6743091463333978E+000  4.6743091463333978E+000    1490   1490   1.9999999999999998E-002 0.0000000000000000E+000 -5.8126929416320622E-003
  4.7049009630091847E+000  4.7049009630091847E+000    1500   1500   1.9999999999999998E-002 0.0000000000000000E+000 -6.7593316046078912E-003
  4.7354875435675243E+000  4.7354875435675243E+000    1510   1510   1.9999999999999998E-002 0.0000000000000000E+000 -7.8221549592492820E-003
  4.7661939015060763E+000  4.7661939015060763E+000    1520   1520   1.9999999999999998E-002 0.0000000000000000E+000 -8.2482527511235339E-003
  4.7971247088976411E+000  4.7971247088976411E+000    1530   1530   1.9999999999999998E-002 0.0000000000000000E+000 -7.6151778744375961E-003
  4.8279836955559671E+000  4.8279836955559671E+000    1540   1540   1.9999999999999998E-002 0.0000000000000000E+000 -6.3327283327978891E-003
  4.8584990447992399E+000  4.8584990447992399E+000    1550   1550   1.9999999999999998E-002 0.0000000000000000E+000 -5.6593954636088312E-003
  4.8888443319203078E+000  4.8888443319203078E+000    1560   1560   1.9999999999999998E-002 0.0000000000000000E+000 -6.2905749868587950E-003
  4.9192164056777887E+000  4.9192164056777887E+000    1570   1570   1.9999999999999998E-002 0.0000000000000000E+000 -7.4817337665873742E-003
  4.9498052516521440E+000  4.9498052516521440E+000    1580   1580   1.9999999999999998E-002 0.0000000000000000E+000 -8.4126186870375327E-003
  4.9807670743415251E+000  4.9807670743415251E+000    1590   1590   1.9999999999999998E-002 0.0000000000000000E+000 -8.3516841141328139E-003
  5.0119322836029116E+000  5.0119322836029116E+000    1600   1600   1.9999999999999998E-002 0.0000000000000000E+000 -7.1801254919763879E-003
  5.0427999908633909E+000  5.0427999908633909E+000    1610   1610   1.9999999999999998E-002 0.0000000000000000E+000 -5.8694686665736366E-003
  5.0734220545314396E+000  5.0734220545314396E+000    1620   1620   1.9999999999999998E-002 0.0000000000000000E+000 -5.7980706812909756E-003
  5.1039135951638918E+000  5.1039135951638918E+000    1630   1630   1.9999999999999998E-002 0.0000000000000000E+000 -6.7957292407724247E-003
  5.1344113359545797E+000  5.1344113359545797E+000    1640   1640   1.9999999999999998E-002 0.0000000000000000E+000 -7.9254970309701464E-003
  5.1650500146799762E+000  5.1650500146799762E+000    1650   1650   1.9999999999999998E-002 0.0000000000000000E+000 -8.3820147872773898E-003
  5.1959329234224513E+000  5.1959329234224513E+000    1660   1660   1.9999999999999998E-002 0.0000000000000000E+000 -7.6697869822227486E-003
  5.2266363103439470E+000  5.2266363103439470E+000    1670   1670   1.9999999999999998E-002 0.0000000000000000E+000 -6.2700325512152783E-003
  5.2569943307473909E+000  5.2569943307473909E+000    1680   1680   1.9999999999999998E-002 0.0000000000000000E+000 -5.6174871201390681E-003
  5.2871954988399787E+000  5.2871954988399787E+000    1690   1690   1.9999999999999998E-002 0.0000000000000000E+000 -6.3208999865988619E-003
  5.3174476719545307E+000  5.3174476719545307E+000    1700   1700   1.9999999999999998E-002 0.0000000000000000E+000 -7.5534256836382729E-003
  5.3479484206990335E+000  5.3479484206990335E+000    1710   1710   1.9999999999999998E-002 0.0000000000000000E+000 -8.5045666078715900E-003
  5.3788576988450884E+000  5.3788576988450884E+000    1720   1720   1.9999999999999998E-002 0.0000000000000000E+000 -8.3790953338218425E-003
  5.4099714728115086E+000  5.4099714728115086E+000    1730   1730   1.9999999999999998E-002 0.0000000000000000E+000 -7.0938731191227084E-003
  5.4407752702957985E+000  5.4407752702957985E+000    1740   1740   1.9999999999999998E-002 0.0000000000000000E+000 -5.7752938615888735E-003
  5.4713353009689589E+000  5.4713353009689589E+000    1750   1750   1.9999999999999998E-002 0.0000000000000000E+000 -5.8291707359133857E-003
  5.5017757832970719E+000  5.5017757832970719E+000    1760   1760   1.9999999999999998E-002 0.0000000000000000E+000 -6.8838255698959045E-003
  5.5322397901560247E+000  5.5322397901560247E+000    1770   1770   1.9999999999999998E-002 0.0000000000000000E+000 -8.0251208125431077E-003
  5.5628654092439724E+000  5.5628654092439724E+000    1780   1780   1.9999999999999998E-002 0.0000000000000000E+000 -8.4120648585474135E-003
  5.5937278064379798E+000  5.5937278064379798E+000    1790   1790   1.9999999999999998E-002 0.0000000000000000E+000 -7.5713322752280065E-003
  5.6243240160418279E+000  5.6243240160418279E+000    1800   1800   1.9999999999999998E-002 0.0000000000000000E+000 -6.1263101579353502E-003
  5.6545894079545035E+000  5.6545894079545035E+000    1810   1810   1.9999999999999998E-002 0.0000000000000000E+000 -5.6106378251830317E-003
  5.6847218725271098E+000  5.6847218725271098E+000    1820   1820   1.9999999999999998E-002 0.0000000000000000E+000 -6.4166609410657891E-003
  5.7149341557268913E+000  5.7149341557268913E+000    1830   1830   1.9999999999999998E-002 0.0000000000000000E+000 -7.6756818552723595E-003
  5.7454250126587842E+000  5.7454250126587842E+000    1840   1840   1.9999999999999998E-002 0.0000000000000000E+000 -8.5724223632490001E-003
  5.7763513384642584E+000  5.7763513384642584E+000    1850   1850   1.9999999999999998E-002 0.0000000000000000E+000 -8.3064290477555999E-003
  5.8074206871245639E+000  5.8074206871245639E+000    1860   1860   1.9999999999999998E-002 0.0000000000000000E+000 -6.9116886280492186E-003
  5.8381711075923510E+000  5.8381711075923510E+000    1870   1870   1.9999999999999998E-002 0.0000000000000000E+000 -5.6787383327193454E-003
  5.8686883679472936E+000  5.8686883679472936E+000    1880   1880   1.9999999999999998E-002 0.0000000000000000E+000 -5.9085128910139443E-003
  5.8991031428194480E+000  5.8991031428194480E+000    1890   1890   1.9999999999999998E-002 0.0000000000000000E+000 -7.0215365544418899E-003
  5.9295615998060950E+000  5.9295615998060950E+000    1900   1900   1.9999999999999998E-002 0.0000000000000000E+000 -8.1351332123865685E-003
  5.9602016872948562E+000  5.9602016872948562E+000    1910   1910   1.9999999999999998E-002 0.0000000000000000E+000 -8.3897960158006910E-003
  5.9910493893692606E+000  5.9910493893692606E+000    1920   1920   1.9999999999999998E-002 0.0000000000000000E+000 -7.4005187940281631E-003
  6.0215640281197906E+000  6.0215640281197906E+000    1930   1930   1.9999999999999998E-002 0.0000000000000000E+000 -5.9661125525427047E-003
  6.0517705687547982E+000  6.0517705687547982E+000    1940   1940   1.9999999999999998E-002 0.0000000000000000E+000 -5.6459460438297002E-003
  6.0818731332937092E+000  6.0818731332937092E+000    1950   1950   1.9999999999999998E-002 0.0000000000000000E+000 -6.5593060623855645E-003
  6.1120861507576087E+000  6.1120861507576087E+000    1960   1960   1.9999999999999998E-002 0.0000000000000000E+000 -7.8300432014723559E-003
  6.1426062224122555E+000  6.1426062224122555E+000    1970   1970   1.9999999999999998E-002 0.0000000000000000E+000 -8.6235701636342216E-003
  6.1735834584963669E+000  6.1735834584963669E+000    1980   1980   1.9999999999999998E-002 0.0000000000000000E+000 -8.1786729704053460E-003
  6.2046019289159248E+000  6.2046019289159248E+000    1990   1990   1.9999999999999998E-002 0.0000000000000000E+000 -6.6941414960529987E-003
  6.2353055473470933E+000  6.2353055473470933E+000    2000   2000   1.9999999999999998E-002 0.0000000000000000E+000 -5.6107030907265187E-003
  6.2657910577560071E+000  6.2657910577560071E+000    2010   2010   1.9999999999999998E-002 0.0000000000000000E+000 -6.0255110554186206E-003
  6.2961939714069732E+000  6.2961939714069732E+000    2020   2020   1.9999999999999998E-002 0.0000000000000000E+000 -7.1889287973607531E-003
  6.3266617297721845E+000  6.3266617297721845E+000    2030   2030   1.9999999999999998E-002 0.0000000000000000E+000 -8.2434549246520401E-003
  6.3573302407697065E+000  6.3573302407697065E+000    2040   2040   1.9999999999999998E-002 0.0000000000000000E+000 -8.3303076761976786E-003
  6.3881544913674357E+000  6.3881544913674357E+000    2050   2050   1.9999999999999998E-002 0.0000000000000000E+000 -7.1948133365524729E-003
  6.4186017148585321E+000  6.4186017148585321E+000    2060   2060   1.9999999999999998E-002 0.0000000000000000E+000 -5.8203465536741614E-003
  6.4487675207203514E+000  6.4487675207203514E+000    2070   2070   1.9999999999999998E-002 0.0000000000000000E+000 -5.7183801300073131E-003
  6.4788604379688221E+000  6.4788604379688221E+000    2080   2080   1.9999999999999998E-002 0.0000000000000000E+000 -6.7298679926428608E-003
  6.5090948288214036E+000  6.5090948288214036E+000    2090   2090   1.9999999999999998E-002 0.0000000000000000E+000 -7.9939020186739693E-003
  6.5396632943932200E+000  6.5396632943932200E+000    2100   2100   1.9999999999999998E-002 0.0000000000000000E+000 -8.6505776480660507E-003
  6.5706911710112914E+000  6.5706911710112914E+000    2110   2110   1.9999999999999998E-002 0.0000000000000000E+000 -8.0154891243048602E-003
  6.6016576885291744E+000  6.6016576885291744E+000    2120   2120   1.9999999999999998E-002 0.0000000000000000E+000 -6.4697879697747344E-003
  6.6323189843732999E+000  6.6323189843732999E+000    2130   2130   1.9999999999999998E-002 0.0000000000000000E+000 -5.5796651595477895E-003
  6.6627796920324886E+000  6.6627796920324886E+000    2140   2140   1.9999999999999998E-002 0.0000000000000000E+000 -6.1672032517775035E-003
  6.6931790909559456E+000  6.6931790909559456E+000    2150   2150   1.9999999999999998E-002 0.0000000000000000E+000 -7.3675360222097072E-003
  6.7236647740071866E+000  6.7236647740071866E+000    2160   2160   1.9999999999999998E-002 0.0000000000000000E+000 -8.3360184217547406E-003
  6.7543694352855014E+000  6.7543694352855014E+000    2170   2170   1.9999999999999998E-002 0.0000000000000000E+000 -8.2365685406257682E-003
  6.7851586232424274E+000  6.7851586232424274E+000    2180   2180   1.9999999999999998E-002 0.0000000000000000E+000 -6.9715943462071576E-003
  6.8155470343011819E+000  6.8155470343011819E+000    2190   2190   1.9999999999999998E-002 0.0000000000000000E+000 -5.7024823686823769E-003
  6.8456828764367845E+000  6.8456828764367845E+000    2200   2200   1.9999999999999998E-002 0.0000000000000000E+000 -5.8194195549454015E-003
  6.8757778662115907E+000  6.8757778662115907E+000    2210   2210   1.9999999999999998E-002 0.0000000000000000E+000 -6.9145245623956590E-003
  6.9060451874458026E+000  6.9060451874458026E+000    2220   2220   1.9999999999999998E-002 0.0000000000000000E+000 -8.1510884127615739E-003
  6.9366722313734765E+000  6.9366722313734765E+000    2230   2230   1.9999999999999998E-002 0.0000000000000000E+000 -8.6464349260534110E-003
  6.9677404358571584E+000  6.9677404358571584E+000    2240   2240   1.9999999999999998E-002 0.0000000000000000E+000 -7.8199149413689452E-003
  6.9986559348307100E+000  6.9986559348307100E+000    2250   2250   1.9999999999999998E-002 0.0000000000000000E+000 -6.2536638676138993E-003
  7.0292780656316082E+000  7.0292780656316082E+000    2260   2260   1.9999999999999998E-002 0.0000000000000000E+000 -5.5860402369858466E-003
  7.0597186044684567E+000  7.0597186044684567E+000    2270   2270   1.9999999999999998E-002 0.0000000000000000E+000 -6.3254296912083658E-003
  7.0901198202152722E+000  7.0901198202152722E+000    2280   2280   1.9999999999999998E-002 0.0000000000000000E+000 -7.5465674326228082E-003
  7.1206286970186578E+000  7.1206286970186578E+000    2290   2290   1.9999999999999998E-002 0.0000000000000000E+000 -8.4048675658088782E-003
  7.1513739223767931E+000  7.1513739223767931E+000    2300   2300   1.9999999999999998E-002 0.0000000000000000E+000 -8.1106846412321829E-003
  7.1821118512978623E+000  7.1821118512978623E+000    2310   2310   1.9999999999999998E-002 0.0000000000000000E+000 -6.7419990372270479E-003
  7.2124478508636862E+000  7.2124478508636862E+000    2320   2320   1.9999999999999998E-002 0.0000000000000000E+000 -5.6195973597299673E-003
  7.2425614163783853E+000  7.2425614163783853E+000    2330   2330   1.9999999999999998E-002 0.0000000000000000E+000 -5.9437309319708857E-003
  7.2726665105435879E+000  7.2726665105435879E+000    2340   2340   1.9999999999999998E-002 0.0000000000000000E+000 -7.1070875896698648E-003
  7.3029743274084131E+000  7.3029743274084131E+000    2350   2350   1.9999999999999998E-002 0.0000000000000000E+000 -8.2944114159141246E-003
  7.3336661451282738E+000  7.3336661451282738E+000    2360   2360   1.9999999999999998E-002 0.0000000000000000E+000 -8.6100521919714232E-003
  7.3647574997268208E+000  7.3647574997268208E+000    2370   2370   1.9999999999999998E-002 0.0000000000000000E+000 -7.6021654278298678E-003
  7.3956235523727169E+000  7.3956235523727169E+000    2380   2380   1.9999999999999998E-002 0.0000000000000000E+000 -6.0571417670231531E-003
  7.4262096839678060E+000  7.4262096839678060E+000    2390   2390   1.9999999999999998E-002 0.0000000000000000E+000 -5.6278358263076579E-003
  7.4566340964122037E+000  7.4566340964122037E+000    2400   2400   1.9999999999999998E-002 0.0000000000000000E+000 -6.4959656297517813E-003
  7.4870413901020382E+000  7.4870413901020382E+000    2410   2410   1.9999999999999998E-002 0.0000000000000000E+000 -7.7202760355654502E-003
  7.5175773385667481E+000  7.5175773385667481E+000    2420   2420   1.9999999999999998E-002 0.0000000000000000E+000 -8.4468731591072980E-003
  7.5483659977081707E+000  7.5483659977081707E+000    2430   2430   1.9999999999999998E-002 0.0000000000000000E+000 -7.9563722655526643E-003
  7.5790380703951081E+000  7.5790380703951081E+000    2440   2440   1.9999999999999998E-002 0.0000000000000000E+000 -6.5151332042710317E-003
  7.6093269919684258E+000  7.6093269919684258E+000    2450   2450   1.9999999999999998E-002 0.0000000000000000E+000 -5.5743892331903621E-003
  7.6394244272425186E+000  7.6394244272425186E+000    2460   2460   1.9999999999999998E-002 0.0000000000000000E+000 -6.0865700108803117E-003
  7.6695458027625642E+000  7.6695458027625642E+000    2470   2470   1.9999999999999998E-002 0.0000000000000000E+000 -7.3027209971592350E-003
  7.6998996437353470E+000  7.6998996437353470E+000    2480   2480   1.9999999999999998E-002 0.0000000000000000E+000 -8.4185922767030572E-003
  7.7306603168629983E+000  7.7306603168629983E+000    2490   2490   1.9999999999999998E-002 0.0000000000000000E+000 -8.5411432173719692E-003
  7.7617572733666175E+000  7.7617572733666175E+000    2500   2500   1.9999999999999998E-002 0.0000000000000000E+000 -7.3686453705979984E-003
  7.7925755491171866E+000  7.7925755491171866E+000    2510   2510   1.9999999999999998E-002 0.0000000000000000E+000 -5.8879935417567184E-003
  7.8231287234619779E+000  7.8231287234619779E+000    2520   2520   1.9999999999999998E-002 0.0000000000000000E+000 -5.7005732430228475E-003
  7.8535407418665794E+000  7.8535407418665794E+000    2530   2530   1.9999999999999998E-002 0.0000000000000000E+000 -6.6750551497975703E-003
  7.8839579307740095E+000  7.8839579307740095E+000    2540   2540   1.9999999999999998E-002 0.0000000000000000E+000 -7.8836941908297042E-003
  7.9145242964034965E+000  7.9145242964034965E+000    2550   2550   1.9999999999999998E-002 0.0000000000000000E+000 -8.4596026051021784E-003
  7.9453436675502953E+000  7.9453436675502953E+000    2560   2560   1.9999999999999998E-002 0.0000000000000000E+000 -7.7795362979612399E-003
  7.9759478022080338E+000  7.9759478022080338E+000    2570   2570   1.9999999999999998E-002 0.0000000000000000E+000 -6.2987246299088202E-003
  8.0061944197550065E+000  8.0061944197550065E+000    2580   2580   1.9999999999999998E-002 0.0000000000000000E+000 -5.5667366590079163E-003
  8.0362811076353644E+000  8.0362811076353644E+000    2590   2590   1.9999999999999998E-002 0.0000000000000000E+000 -6.2441580157107008E-003
  8.0664240496027233E+000  8.0664240496027233E+000    2600   2600   1.9999999999999998E-002 0.0000000000000000E+000 -7.4973763016746222E-003
  8.0968284659416838E+000  8.0968284659416838E+000    2610   2610   1.9999999999999998E-002 0.0000000000000000E+000 -8.5195167995971683E-003
  8.1276610230534611E+000  8.1276610230534611E+000    2620   2620   1.9999999999999998E-002 0.0000000000000000E+000 -8.4400560975506895E-003
  8.1587438350038929E+000  8.1587438350038929E+000    2630   2630   1.9999999999999998E-002 0.0000000000000000E+000 -7.1255080813844760E-003
  8.1895160490801153E+000  8.1895160490801153E+000    2640   2640   1.9999999999999998E-002 0.0000000000000000E+000 -5.7523485678482151E-003
  8.2200391889526720E+000  8.2200391889526720E+000    2650   2650   1.9999999999999998E-002 0.0000000000000000E+000 -5.7996443884263104E-003
  8.2504422882282550E+000  8.2504422882282550E+000    2660   2660   1.9999999999999998E-002 0.0000000000000000E+000 -6.8598983743983437E-003
  8.2808728300348839E+000  8.2808728300348839E+000    2670   2670   1.9999999999999998E-002 0.0000000000000000E+000 -8.0328883863489046E-003
  8.3114725255291901E+000  8.3114725255291901E+000    2680   2680   1.9999999999999998E-002 0.0000000000000000E+000 -8.4418161493250245E-003
  8.3423064253028442E+000  8.3423064253028442E+000    2690   2690   1.9999999999999998E-002 0.0000000000000000E+000 -7.5794358302811470E-003
  8.3728459903298144E+000  8.3728459903298144E+000    2700   2700   1.9999999999999998E-002 0.0000000000000000E+000 -6.1001004477496234E-003
  8.4030550159744343E+000  8.4030550159744343E+000    2710   2710   1.9999999999999998E-002 0.0000000000000000E+000 -5.5947992188087205E-003
  8.4331361105752424E+000  8.4331361105752424E+000    2720   2720   1.9999999999999998E-002 0.0000000000000000E+000 -6.4139660473924999E-003
  8.4633055517072950E+000  8.4633055517072950E+000    2730   2730   1.9999999999999998E-002 0.0000000000000000E+000 -7.6877959066418375E-003
  8.4937646347143456E+000  8.4937646347143456E+000    2740   2740   1.9999999999999998E-002 0.0000000000000000E+000 -8.5943274674389620E-003
  8.5246715236290295E+000  8.5246715236290295E+000    2750   2750   1.9999999999999998E-002 0.0000000000000000E+000 -8.3081801552652283E-003
  8.5557213878907685E+000  8.5557213878907685E+000    2760   2760   1.9999999999999998E-002 0.0000000000000000E+000 -6.8791627415630189E-003
  8.5864494844936931E+000  8.5864494844936931E+000    2770   2770   1.9999999999999998E-002 0.0000000000000000E+000 -5.6543504013588554E-003
  8.6169455980825446E+000  8.6169455980825446E+000    2780   2780   1.9999999999999998E-002 0.0000000000000000E+000 -5.9206764943538789E-003
  8.6473432156184024E+000  8.6473432156184024E+000    2790   2790   1.9999999999999998E-002 0.0000000000000000E+000 -7.0479964487788837E-003
  8.6777904306148574E+000  8.6777904306148574E+000    2800   2800   1.9999999999999998E-002 0.0000000000000000E+000 -8.1644591035421747E-003
  8.7084261438529413E+000  8.7084261438529413E+000    2810   2810   1.9999999999999998E-002 0.0000000000000000E+000 -8.3930606937191516E-003
  8.7392561632406824E+000  8.7392561632406824E+000    2820   2820   1.9999999999999998E-002 0.0000000000000000E+000 -7.3630223902931941E-003
  8.7697347267741498E+000  8.7697347267741498E+000    2830   2830   1.9999999999999998E-002 0.0000000000000000E+000 -5.9259379475732467E-003
  8.7999108826004821E+000  8.7999108826004821E+000    2840   2840   1.9999999999999998E-002 0.0000000000000000E+000 -5.6551258375863184E-003
  8.8299914071949245E+000  8.8299914071949245E+000    2850   2850   1.9999999999999998E-002 0.0000000000000000E+000 -6.5936385565428565E-003
  8.8601920400674529E+000  8.8601920400674529E+000    2860   2860   1.9999999999999998E-002 0.0000000000000000E+000 -7.8704753032397718E-003
  8.8907095309247932E+000  8.8907095309247932E+000    2870   2870   1.9999999999999998E-002 0.0000000000000000E+000 -8.6405628866425630E-003
  8.9216899735266075E+000  8.9216899735266075E+000    2880   2880   1.9999999999999998E-002 0.0000000000000000E+000 -8.1482558609802335E-003
  8.9526897152287840E+000  8.9526897152287840E+000    2890   2890   1.9999999999999998E-002 0.0000000000000000E+000 -6.6363965720079818E-003
  8.9833758339564955E+000  8.9833758339564955E+000    2900   2900   1.9999999999999998E-002 0.0000000000000000E+000 -5.5960053074093094E-003
  9.0138480057125036E+000  9.0138480057125036E+000    2910   2910   1.9999999999999998E-002 0.0000000000000000E+000 -6.0596121201122663E-003
  9.0442435518601378E+000  9.0442435518601378E+000    2920   2920   1.9999999999999998E-002 0.0000000000000000E+000 -7.2365168981944316E-003
  9.0747106440094498E+000  9.0747106440094498E+000    2930   2930   1.9999999999999998E-002 0.0000000000000000E+000 -8.2751150640349742E-003
  9.1053848588889820E+000  9.1053848588889820E+000    2940   2940   1.9999999999999998E-002 0.0000000000000000E+000 -8.3134978364751006E-003
  9.1361947643321634E+000  9.1361947643321634E+000    2950   2950   1.9999999999999998E-002 0.0000000000000000E+000 -7.1354280929078148E-003
  9.1666160740264253E+000  9.1666160740264253E+000    2960   2960   1.9999999999999998E-002 0.0000000000000000E+000 -5.7820010921438473E-003
  9.1967641093981864E+000  9.1967641093981864E+000    2970   2970   1.9999999999999998E-002 0.0000000000000000E+000 -5.7435531234427461E-003
  9.2268490090057149E+000  9.2268490090057149E+000    2980   2980   1.9999999999999998E-002 0.0000000000000000E+000 -6.7810335960648693E-003
  9.2570853606887837E+000  9.2570853606887837E+000    2990   2990   1.9999999999999998E-002 0.0000000000000000E+000 -8.0419513614859585E-003
  9.2876647332090573E+000  9.2876647332090573E+000    3000   3000   1.9999999999999998E-002 0.0000000000000000E+000 -8.6563956331649940E-003
  9.3187024562563021E+000  9.3187024562563021E+000    3010   3010   1.9999999999999998E-002 0.0000000000000000E+000 -7.9636104141652728E-003
  9.3496511383950657E+000  9.3496511383950657E+000    3020   3020   1.9999999999999998E-002 0.0000000000000000E+000 -6.4041547222950487E-003
  9.3802975754733335E+000  9.3802975754733335E+000    3030   3030   1.9999999999999998E-002 0.0000000000000000E+000 -5.5771708283365555E-003
  9.4107489488969928E+000  9.4107489488969928E+000    3040   3040   1.9999999999999998E-002 0.0000000000000000E+000 -6.2131572515153301E-003
  9.4411458123861695E+000  9.4411458123861695E+000    3050   3050   1.9999999999999998E-002 0.0000000000000000E+000 -7.4226092906417431E-003
  9.4716358937698981E+000  9.4716358937698981E+000    3060   3060   1.9999999999999998E-002 0.0000000000000000E+000 -8.3620047479826187E-003
  9.5023509269105677E+000  9.5023509269105677E+000    3070   3070   1.9999999999999998E-002 0.0000000000000000E+000 -8.2039179993175128E-003
  9.5331225530854837E+000  9.5331225530854837E+000    3080   3080   1.9999999999999998E-002 0.0000000000000000E+000 -6.9022286595598192E-003
  9.5634905614344258E+000  9.5634905614344258E+000    3090   3090   1.9999999999999998E-002 0.0000000000000000E+000 -5.6727978059724124E-003
  9.5936152812974082E+000  9.5936152812974082E+000    3100   3100   1.9999999999999998E-002 0.0000000000000000E+000 -5.8557643299769708E-003
  9.6237094484635203E+000  9.6237094484635203E+000    3110   3110   1.9999999999999998E-002 0.0000000000000000E+000 -6.9739105756597750E-003
  9.6539858988698536E+000  9.6539858988698536E+000    3120   3120   1.9999999999999998E-002 0.0000000000000000E+000 -8.1986956669636761E-003
  9.6846303649611602E+000  9.6846303649611602E+000    3130   3130   1.9999999999999998E-002 0.0000000000000000E+000 -8.6405807524299316E-003
  9.7157059597778445E+000  9.7157059597778445E+000    3140   3140   1.9999999999999998E-002 0.0000000000000000E+000 -7.7552212625357013E-003
  9.7466046416837297E+000  9.7466046416837297E+000    3150   3150   1.9999999999999998E-002 0.0000000000000000E+000 -6.1896038748978741E-003
  9.7772138718004306E+000  9.7772138718004306E+000    3160   3160   1.9999999999999998E-002 0.0000000000000000E+000 -5.5957832994629459E-003
  9.8076476624305914E+000  9.8076476624305914E+000    3170   3170   1.9999999999999998E-002 0.0000000000000000E+000 -6.3784620293735043E-003
  9.8380492120636979E+000  9.8380492120636979E+000    3180   3180   1.9999999999999998E-002 0.0000000000000000E+000 -7.6031052326305257E-003
  9.8685652910240388E+000  9.8685652910240388E+000    3190   3190   1.9999999999999998E-002 0.0000000000000000E+000 -8.4226193403513907E-003
  9.8993232652116702E+000  9.8993232652116702E+000    3200   3200   1.9999999999999998E-002 0.0000000000000000E+000 -8.0658581254462529E-003
  9.9300407676315067E+000  9.9300407676315067E+000    3210   3210   1.9999999999999998E-002 0.0000000000000000E+000 -6.6695119857248963E-003
  9.9603595989223006E+000  9.9603595989223006E+000    3220   3220   1.9999999999999998E-002 0.0000000000000000E+000 -5.6011531347484595E-003
  9.9904658491808717E+000  9.9904658491808717E+000    3230   3230   1.9999999999999998E-002 0.0000000000000000E+000 -5.9878248932531725E-003
  1.0020574125002097E+001  1.0020574125002097E+001    3240   3240   1.9999999999999998E-002 0.0000000000000000E+000 -7.1699010874829562E-003
  1.0050894916441477E+001  1.0050894916441477E+001    3250   3250   1.9999999999999998E-002 0.0000000000000000E+000 -8.3372962526001757E-003
  1.0081607435988877E+001  1.0081607435988877E+001    3260   3260   1.9999999999999998E-002 0.0000000000000000E+000 -8.5925236137541620E-003
  1.0112702170249294E+001  1.0112702170249294E+001    3270   3270   1.9999999999999998E-002 0.0000000000000000E+000 -7.5292182342845048E-003
  1.0143552149016039E+001  1.0143552149016039E+001    3280   3280   1.9999999999999998E-002 0.0000000000000000E+000 -5.9995205280390608E-003
  1.0174126784475205E+001  1.0174126784475205E+001    3290   3290   1.9999999999999998E-002 0.0000000000000000E+000 -5.6482915570040139E-003
  1.0204546256528228E+001  1.0204546256528228E+001    3300   3300   1.9999999999999998E-002 0.0000000000000000E+000 -6.5531454073045489E-003
  1.0234955835862680E+001  1.0234955835862680E+001    3310   3310   1.9999999999999998E-002 0.0000000000000000E+000 -7.7747948364689731E-003
  1.0265500826446583E+001  1.0265500826446583E+001    3320   3320   1.9999999999999998E-002 0.0000000000000000E+000 -8.4549625425518737E-003
  1.0296300532529216E+001  1.0296300532529216E+001    3330   3330   1.9999999999999998E-002 0.0000000000000000E+000 -7.9023996945683796E-003
  1.0326949496940849E+001  1.0326949496940849E+001    3340   3340   1.9999999999999998E-002 0.0000000000000000E+000 -6.4437935415219405E-003
  1.0357223444048846E+001  1.0357223444048846E+001    3350   3350   1.9999999999999998E-002 0.0000000000000000E+000 -5.5679698423450858E-003
  1.0387316107724424E+001  1.0387316107724424E+001    3360   3360   1.9999999999999998E-002 0.0000000000000000E+000 -6.1363216829256215E-003
  1.0417443273052791E+001  1.0417443273052791E+001    3370   3370   1.9999999999999998E-002 0.0000000000000000E+000 -7.3663278050733858E-003
  1.0447812492340464E+001  1.0447812492340464E+001    3380   3380   1.9999999999999998E-002 0.0000000000000000E+000 -8.4544500542940443E-003
  1.0478595742838687E+001  1.0478595742838687E+001    3390   3390   1.9999999999999998E-002 0.0000000000000000E+000 -8.5122647731600888E-003
  1.0509689737120819E+001  1.0509689737120819E+001    3400   3400   1.9999999999999998E-002 0.0000000000000000E+000 -7.2906851086007131E-003
  1.0540492566074097E+001  1.0540492566074097E+001    3410   3410   1.9999999999999998E-002 0.0000000000000000E+000 -5.8400656167709481E-003
  1.0571035367204704E+001  1.0571035367204704E+001    3420   3420   1.9999999999999998E-002 0.0000000000000000E+000 -5.7302546199219630E-003
  1.0601443833524741E+001  1.0601443833524741E+001    3430   3430   1.9999999999999998E-002 0.0000000000000000E+000 -6.7348356515933938E-003
  1.0631864748386319E+001  1.0631864748386319E+001    3440   3440   1.9999999999999998E-002 0.0000000000000000E+000 -7.9342463569871384E-003
  1.0662441444001347E+001  1.0662441444001347E+001    3450   3450   1.9999999999999998E-002 0.0000000000000000E+000 -8.4575311292839501E-003
  1.0693267561323407E+001  1.0693267561323407E+001    3460   3460   1.9999999999999998E-002 0.0000000000000000E+000 -7.7167057739427091E-003
  1.0723849901629858E+001  1.0723849901629858E+001    3470   3470   1.9999999999999998E-002 0.0000000000000000E+000 -6.2317815130263065E-003
  1.0754083391058526E+001  1.0754083391058526E+001    3480   3480   1.9999999999999998E-002 0.0000000000000000E+000 -5.5722164863840371E-003
  1.0784167370480157E+001  1.0784167370480157E+001    3490   3490   1.9999999999999998E-002 0.0000000000000000E+000 -6.2984555429877833E-003
  1.0814318139632099E+001  1.0814318139632099E+001    3500   3500   1.9999999999999998E-002 0.0000000000000000E+000 -7.5603085514833674E-003
  1.0844739717016356E+001  1.0844739717016356E+001    3510   3510   1.9999999999999998E-002 0.0000000000000000E+000 -8.5471684084184573E-003
  1.0875596090623245E+001  1.0875596090623245E+001    3520   3520   1.9999999999999998E-002 0.0000000000000000E+000 -8.4005232756742387E-003
  1.0906670292545948E+001  1.0906670292545948E+001    3530   3530   1.9999999999999998E-002 0.0000000000000000E+000 -7.0451855840075978E-003
  1.0937427734394356E+001  1.0937427734394356E+001    3540   3540   1.9999999999999998E-002 0.0000000000000000E+000 -5.7160985986097898E-003
  1.0967941573209429E+001  1.0967941573209429E+001    3550   3550   1.9999999999999998E-002 0.0000000000000000E+000 -5.8370801127036884E-003
  1.0998342375178018E+001  1.0998342375178018E+001    3560   3560   1.9999999999999998E-002 0.0000000000000000E+000 -6.9212601566172189E-003
  1.1028777889508913E+001  1.1028777889508913E+001    3570   3570   1.9999999999999998E-002 0.0000000000000000E+000 -8.0781560355956791E-003
  1.1059388971092107E+001  1.1059388971092107E+001    3580   3580   1.9999999999999998E-002 0.0000000000000000E+000 -8.4294439383542769E-003
  1.1090223031096677E+001  1.1090223031096677E+001    3590   3590   1.9999999999999998E-002 0.0000000000000000E+000 -7.5103143903806666E-003
  1.1120742065679551E+001  1.1120742065679551E+001    3600   3600   1.9999999999999998E-002 0.0000000000000000E+000 -6.0401829676092271E-003
  1.1150939651515980E+001  1.1150939651515980E+001    3610   3610   1.9999999999999998E-002 0.0000000000000000E+000 -5.6112375299730485E-003
  1.1181019859001821E+001  1.1181019859001821E+001    3620   3620   1.9999999999999998E-002 0.0000000000000000E+000 -6.4718402028264652E-003
  1.1211198863482569E+001  1.1211198863482569E+001    3630   3630   1.9999999999999998E-002 0.0000000000000000E+000 -7.7486807133810131E-003
  1.1241676545365510E+001  1.1241676545365510E+001    3640   3640   1.9999999999999998E-002 0.0000000000000000E+000 -8.6128148830112714E-003
  1.1272608109052748E+001  1.1272608109052748E+001    3650   3650   1.9999999999999998E-002 0.0000000000000000E+000 -8.2587223531367186E-003
  1.1303642570170955E+001  1.1303642570170955E+001    3660   3660   1.9999999999999998E-002 0.0000000000000000E+000 -6.7990022502888418E-003
  1.1334356611955012E+001  1.1334356611955012E+001    3670   3670   1.9999999999999998E-002 0.0000000000000000E+000 -5.6308670325500473E-003
  1.1364844477557443E+001  1.1364844477557443E+001    3680   3680   1.9999999999999998E-002 0.0000000000000000E+000 -5.9644071047562849E-003
  1.1395240979314147E+001  1.1395240979314147E+001    3690   3690   1.9999999999999998E-002 0.0000000000000000E+000 -7.1098641767948977E-003
  1.1425694296554145E+001  1.1425694296554145E+001    3700   3700   1.9999999999999998E-002 0.0000000000000000E+000 -8.2032113149095895E-003
  1.1456342299998147E+001  1.1456342299998147E+001    3710   3710   1.9999999999999998E-002 0.0000000000000000E+000 -8.3704281337471542E-003
  1.1487167880889579E+001  1.1487167880889579E+001    3720   3720   1.9999999999999998E-002 0.0000000000000000E+000 -7.2894555381320014E-003
  1.1517627170704438E+001  1.1517627170704438E+001    3730   3730   1.9999999999999998E-002 0.0000000000000000E+000 -5.8752024286938908E-003
  1.1547793502938799E+001  1.1547793502938799E+001    3740   3740   1.9999999999999998E-002 0.0000000000000000E+000 -5.6812437936492949E-003
  1.1577874845086786E+001  1.1577874845086786E+001    3750   3750   1.9999999999999998E-002 0.0000000000000000E+000 -6.6543345668495907E-003
  1.1608086627342990E+001  1.1608086627342990E+001    3760   3760   1.9999999999999998E-002 0.0000000000000000E+000 -7.9281166740200363E-003
  1.1638623972851342E+001  1.1638623972851342E+001    3770   3770   1.9999999999999998E-002 0.0000000000000000E+000 -8.6492142686878299E-003
  1.1669625349167969E+001  1.1669625349167969E+001    3780   3780   1.9999999999999998E-002 0.0000000000000000E+000 -8.0910115256750980E-003
  1.1700608212133467E+001  1.1700608212133467E+001    3790   3790   1.9999999999999998E-002 0.0000000000000000E+000 -6.5587405299018781E-003
  1.1731281021118016E+001  1.1731281021118016E+001    3800   3800   1.9999999999999998E-002 0.0000000000000000E+000 -5.5855352209829627E-003
  1.1761745988418537E+001  1.1761745988418537E+001    3810   3810   1.9999999999999998E-002 0.0000000000000000E+000 -6.1085022046280998E-003
  1.1792141561303342E+001  1.1792141561303342E+001    3820   3820   1.9999999999999998E-002 0.0000000000000000E+000 -7.2979669772194402E-003
  1.1822615823268500E+001  1.1822615823268500E+001    3830   3830   1.9999999999999998E-002 0.0000000000000000E+000 -8.3063731222517542E-003
  1.1853303148603206E+001  1.1853303148603206E+001    3840   3840   1.9999999999999998E-002 0.0000000000000000E+000 -8.2808151195816837E-003
  1.1884101993933959E+001  1.1884101993933959E+001    3850   3850   1.9999999999999998E-002 0.0000000000000000E+000 -7.0592837735168796E-003
  1.1914505336048681E+001  1.1914505336048681E+001    3860   3860   1.9999999999999998E-002 0.0000000000000000E+000 -5.7421776172189051E-003
  1.1944645153276896E+001  1.1944645153276896E+001    3870   3870   1.9999999999999998E-002 0.0000000000000000E+000 -5.7779271792300948E-003
  1.1974732518701623E+001  1.1974732518701623E+001    3880   3880   1.9999999999999998E-002 0.0000000000000000E+000 -6.8437917794252252E-003
  1.2004981511600143E+001  1.2004981511600143E+001    3890   3890   1.9999999999999998E-002 0.0000000000000000E+000 -8.0951503288977413E-003
  1.2035581860053721E+001  1.2035581860053721E+001    3900   3900   1.9999999999999998E-002 0.0000000000000000E+000 -8.6547412855816929E-003
  1.2066633926264862E+001  1.2066633926264862E+001    3910   3910   1.9999999999999998E-002 0.0000000000000000E+000 -7.8975029671955221E-003
  1.2097566060052513E+001  1.2097566060052513E+001    3920   3920   1.9999999999999998E-002 0.0000000000000000E+000 -6.3314885770150679E-003
  1.2128199994938961E+001  1.2128199994938961E+001    3930   3930   1.9999999999999998E-002 0.0000000000000000E+000 -5.5792836698647541E-003
  1.2158645226268953E+001  1.2158645226268953E+001    3940   3940   1.9999999999999998E-002 0.0000000000000000E+000 -6.2661892743706344E-003
  1.2189043239070678E+001  1.2189043239070678E+001    3950   3950   1.9999999999999998E-002 0.0000000000000000E+000 -7.4825747276024285E-003
  1.2219541503306654E+001  1.2219541503306654E+001    3960   3960   1.9999999999999998E-002 0.0000000000000000E+000 -8.3848852344845816E-003
  1.2250270378468517E+001  1.2250270378468517E+001    3970   3970   1.9999999999999998E-002 0.0000000000000000E+000 -8.1616761174616048E-003
  1.2281026391378677E+001  1.2281026391378677E+001    3980   3980   1.9999999999999998E-002 0.0000000000000000E+000 -6.8255034955536375E-003
  1.2311377777924628E+001  1.2311377777924628E+001    3990   3990   1.9999999999999998E-002 0.0000000000000000E+000 -5.6450571780576339E-003
  1.2341495880530501E+001  1.2341495880530501E+001    4000   4000   1.9999999999999998E-002 0.0000000000000000E+000 -5.8970770401475025E-003
  1.2371594127019029E+001  1.2371594127019029E+001    4010   4010   1.9999999999999998E-002 0.0000000000000000E+000 -7.0379941618990100E-003
  1.2401884648591705E+001  1.2401884648591705E+001    4020   4020   1.9999999999999998E-002 0.0000000000000000E+000 -8.2463364253792903E-003
  1.2432551114831040E+001  1.2432551114831040E+001    4030   4030   1.9999999999999998E-002 0.0000000000000000E+000 -8.6283744323309630E-003
  1.2463635244285786E+001  1.2463635244285786E+001    4040   4040   1.9999999999999998E-002 0.0000000000000000E+000 -7.6827507302905679E-003
  1.2494517774936988E+001  1.2494517774936988E+001    4050   4050   1.9999999999999998E-002 0.0000000000000000E+000 -6.1241959536361605E-003
  1.2525115345141413E+001  1.2525115345141413E+001    4060   4060   1.9999999999999998E-002 0.0000000000000000E+000 -5.6094708948095686E-003
  1.2555544063732138E+001  1.2555544063732138E+001    4070   4070   1.9999999999999998E-002 0.0000000000000000E+000 -6.4348625669181442E-003
  1.2585947871430434E+001  1.2585947871430434E+001    4080   4080   1.9999999999999998E-002 0.0000000000000000E+000 -7.6605800249240454E-003
  1.2616473113017083E+001  1.2616473113017083E+001    4090   4090   1.9999999999999998E-002 0.0000000000000000E+000 -8.4364277976475250E-003
  1.2647245604301886E+001  1.2647245604301886E+001    4100   4100   1.9999999999999998E-002 0.0000000000000000E+000 -8.0146678928940442E-003
  1.2677941038804576E+001  1.2677941038804576E+001    4110   4110   1.9999999999999998E-002 0.0000000000000000E+000 -6.5943413974884252E-003
  1.2708244650212672E+001  1.2708244650212672E+001    4120   4120   1.9999999999999998E-002 0.0000000000000000E+000 -5.5860274879328812E-003
  1.2738345891888602E+001  1.2738345891888602E+001    4130   4130   1.9999999999999998E-002 0.0000000000000000E+000 -6.0348786961356815E-003
  1.2768459831861846E+001  1.2768459831861846E+001    4140   4140   1.9999999999999998E-002 0.0000000000000000E+000 -7.2344355826549522E-003
  1.2798796061335524E+001  1.2798796061335524E+001    4150   4150   1.9999999999999998E-002 0.0000000000000000E+000 -8.3782475814761117E-003
  1.2829531499102537E+001  1.2829531499102537E+001    4160   4160   1.9999999999999998E-002 0.0000000000000000E+000 -8.5697075223811634E-003
  1.2860627984666983E+001  1.2860627984666983E+001    4170   4170   1.9999999999999998E-002 0.0000000000000000E+000 -7.4520630038445725E-003
  1.2891462303944754E+001  1.2891462303944754E+001    4180   4180   1.9999999999999998E-002 0.0000000000000000E+000 -5.9435474929710521E-003
  1.2922026177551273E+001  1.2922026177551273E+001    4190   4190   1.9999999999999998E-002 0.0000000000000000E+000 -5.6721525367793876E-003
  1.2952441665568645E+001  1.2952441665568645E+001    4200   4200   1.9999999999999998E-002 0.0000000000000000E+000 -6.6120885382366703E-003
  1.2982854595859654E+001  1.2982854595859654E+001    4210   4210   1.9999999999999998E-002 0.0000000000000000E+000 -7.8286164377427027E-003
  1.3013409680936314E+001  1.3013409680936314E+001    4220   4220   1.9999999999999998E-002 0.0000000000000000E+000 -8.4591325258365532E-003
  1.3044220289018673E+001  1.3044220289018673E+001    4230   4230   1.9999999999999998E-002 0.0000000000000000E+000 -7.8444508068692355E-003
  1.3074847030315916E+001  1.3074847030315916E+001    4240   4240   1.9999999999999998E-002 0.0000000000000000E+000 -6.3723568745542573E-003
  1.3105107197092107E+001  1.3105107197092107E+001    4250   4250   1.9999999999999998E-002 0.0000000000000000E+000 -5.5653276199399295E-003
  1.3135196462927543E+001  1.3135196462927543E+001    4260   4260   1.9999999999999998E-002 0.0000000000000000E+000 -6.1881464525287759E-003
  1.3165330853402859E+001  1.3165330853402859E+001    4270   4270   1.9999999999999998E-002 0.0000000000000000E+000 -7.4304056149487038E-003
  1.3195716826798919E+001  1.3195716826798919E+001    4280   4280   1.9999999999999998E-002 0.0000000000000000E+000 -8.4877045552062799E-003
  1.3226523822992897E+001  1.3226523822992897E+001    4290   4290   1.9999999999999998E-002 0.0000000000000000E+000 -8.4789974503465490E-003
  1.3257613601418807E+001  1.3257613601418807E+001    4300   4300   1.9999999999999998E-002 0.0000000000000000E+000 -7.2105657599233756E-003
  1.3288401322004794E+001  1.3288401322004794E+001    4310   4310   1.9999999999999998E-002 0.0000000000000000E+000 -5.7952549532510282E-003
  1.3318934289544321E+001  1.3318934289544321E+001    4320   4320   1.9999999999999998E-002 0.0000000000000000E+000 -5.7627921473108489E-003
  1.3349339866433276E+001  1.3349339866433276E+001    4330   4330   1.9999999999999998E-002 0.0000000000000000E+000 -6.7956206254134974E-003
  1.3379765212642691E+001  1.3379765212642691E+001    4340   4340   1.9999999999999998E-002 0.0000000000000000E+000 -7.9833569095615981E-003
  1.3410352902852198E+001  1.3410352902852198E+001    4350   4350   1.9999999999999998E-002 0.0000000000000000E+000 -8.4517115136906415E-003
  1.3441183220597552E+001  1.3441183220597552E+001    4360   4360   1.9999999999999998E-002 0.0000000000000000E+000 -7.6508626916571591E-003
  1.3471744402564373E+001  1.3471744402564373E+001    4370   4370   1.9999999999999998E-002 0.0000000000000000E+000 -6.1663288464862517E-003
  1.3501965598216529E+001  1.3501965598216529E+001    4380   4380   1.9999999999999998E-002 0.0000000000000000E+000 -5.5813506608288516E-003
  1.3532047794681407E+001  1.3532047794681407E+001    4390   4390   1.9999999999999998E-002 0.0000000000000000E+000 -6.3542191868934887E-003
  1.3562207320337513E+001  1.3562207320337513E+001    4400   4400   1.9999999999999998E-002 0.0000000000000000E+000 -7.6229026631506338E-003
  1.3592646902771443E+001  1.3592646902771443E+001    4410   4410   1.9999999999999998E-002 0.0000000000000000E+000 -8.5718067913619062E-003
  1.3623527736987510E+001  1.3623527736987510E+001    4420   4420   1.9999999999999998E-002 0.0000000000000000E+000 -8.3572054966657667E-003
  1.3654590904621137E+001  1.3654590904621137E+001    4430   4430   1.9999999999999998E-002 0.0000000000000000E+000 -6.9641529174192919E-003
  1.3685333873486660E+001  1.3685333873486660E+001    4440   4440   1.9999999999999998E-002 0.0000000000000000E+000 -5.6837536584092420E-003
  1.3715838852522788E+001  1.3715838852522788E+001    4450   4450   1.9999999999999998E-002 0.0000000000000000E+000 -5.8767932466555174E-003
  1.3746237869601793E+001  1.3746237869601793E+001    4460   4460   1.9999999999999998E-002 0.0000000000000000E+000 -6.9830353632071346E-003
  1.3776678873551990E+001  1.3776678873551990E+001    4470   4470   1.9999999999999998E-002 0.0000000000000000E+000 -8.1214234602591890E-003
  1.3807301795970863E+001  1.3807301795970863E+001    4480   4480   1.9999999999999998E-002 0.0000000000000000E+000 -8.4134808218454395E-003
  1.3838135293333249E+001  1.3838135293333249E+001    4490   4490   1.9999999999999998E-002 0.0000000000000000E+000 -7.4391710118277645E-003
  1.3868634309914325E+001  1.3868634309914325E+001    4500   4500   1.9999999999999998E-002 0.0000000000000000E+000 -5.9828103603126407E-003
  1.3898821117103230E+001  1.3898821117103230E+001    4510   4510   1.9999999999999998E-002 0.0000000000000000E+000 -5.6310040462328982E-003
  1.3928901154354007E+001  1.3928901154354007E+001    4520   4520   1.9999999999999998E-002 0.0000000000000000E+000 -6.5308390082565264E-003
  1.3959090419836741E+001  1.3959090419836741E+001    4530   4530   1.9999999999999998E-002 0.0000000000000000E+000 -7.8087294767741539E-003
  1.3989587301392696E+001  1.3989587301392696E+001    4540   4540   1.9999999999999998E-002 0.0000000000000000E+000 -8.6280744373282711E-003
  1.4020543939218804E+001  1.4020543939218804E+001    4550   4550   1.9999999999999998E-002 0.0000000000000000E+000 -8.2059491495571705E-003
  1.4051561383974791E+001  1.4051561383974791E+001    4560   4560   1.9999999999999998E-002 0.0000000000000000E+000 -6.7191328754259442E-003
  1.4082261639802490E+001  1.4082261639802490E+001    4570   4570   1.9999999999999998E-002 0.0000000000000000E+000 -5.6115818531350933E-003
  1.4112741643317283E+001  1.4112741643317283E+001    4580   4580   1.9999999999999998E-002 0.0000000000000000E+000 -6.0100226113134134E-003
  1.4143137466717901E+001  1.4143137466717901E+001    4590   4590   1.9999999999999998E-002 0.0000000000000000E+000 -7.1718053150270302E-003
  1.4173597315356114E+001  1.4173597315356114E+001    4600   4600   1.9999999999999998E-002 0.0000000000000000E+000 -8.2396281275176779E-003
  1.4204257968889459E+001  1.4204257968889459E+001    4610   4610   1.9999999999999998E-002 0.0000000000000000E+000 -8.3443435456730821E-003
  1.4235076348747810E+001  1.4235076348747810E+001    4620   4620   1.9999999999999998E-002 0.0000000000000000E+000 -7.2146727146320257E-003
  1.4265516846536518E+001  1.4265516846536518E+001    4630   4630   1.9999999999999998E-002 0.0000000000000000E+000 -5.8277949795481660E-003
  1.4295673949531484E+001  1.4295673949531484E+001    4640   4640   1.9999999999999998E-002 0.0000000000000000E+000 -5.7102454046597710E-003
  1.4325756729557184E+001  1.4325756729557184E+001    4650   4650   1.9999999999999998E-002 0.0000000000000000E+000 -6.7158512040145375E-003
  1.4355980239716314E+001  1.4355980239716314E+001    4660   4660   1.9999999999999998E-002 0.0000000000000000E+000 -7.9844746941400233E-003
  1.4386537903961924E+001  1.4386537903961924E+001    4670   4670   1.9999999999999998E-002 0.0000000000000000E+000 -8.6544939502658806E-003
  1.4417557865767687E+001  1.4417557865767687E+001    4680   4680   1.9999999999999998E-002 0.0000000000000000E+000 -8.0303572361518238E-003
  1.4448523970528228E+001  1.4448523970528228E+001    4690   4690   1.9999999999999998E-002 0.0000000000000000E+000 -6.4823863214492192E-003
  1.4479183753353055E+001  1.4479183753353055E+001    4700   4700   1.9999999999999998E-002 0.0000000000000000E+000 -5.5792738234883190E-003
  1.4509641891031364E+001  1.4509641891031364E+001    4710   4710   1.9999999999999998E-002 0.0000000000000000E+000 -6.1588883306574828E-003
  1.4540037892816187E+001  1.4540037892816187E+001    4720   4720   1.9999999999999998E-002 0.0000000000000000E+000 -7.3590833820710264E-003
  1.4570519697596260E+001  1.4570519697596260E+001    4730   4730   1.9999999999999998E-002 0.0000000000000000E+000 -8.3349777333168582E-003
  1.4601220419635369E+001  1.4601220419635369E+001    4740   4740   1.9999999999999998E-002 0.0000000000000000E+000 -8.2449033323394385E-003
  1.4632007376875588E+001  1.4632007376875588E+001    4750   4750   1.9999999999999998E-002 0.0000000000000000E+000 -6.9826478389012764E-003
  1.4662393213598168E+001  1.4662393213598168E+001    4760   4760   1.9999999999999998E-002 0.0000000000000000E+000 -5.7061925581435302E-003
  1.4692525369752020E+001  1.4692525369752020E+001    4770   4770   1.9999999999999998E-002 0.0000000000000000E+000 -5.8147566710303699E-003
  1.4722615772252809E+001  1.4722615772252809E+001    4780   4780   1.9999999999999998E-002 0.0000000000000000E+000 -6.9071306798318374E-003
  1.4752877926294809E+001  1.4752877926294809E+001    4790   4790   1.9999999999999998E-002 0.0000000000000000E+000 -8.1466913600547670E-003
  1.4783499645684676E+001  1.4783499645684676E+001    4800   4800   1.9999999999999998E-002 0.0000000000000000E+000 -8.6496339668918675E-003
  1.4814564469999149E+001  1.4814564469999149E+001    4810   4810   1.9999999999999998E-002 0.0000000000000000E+000 -7.8290623344812928E-003
  1.4845480181994846E+001  1.4845480181994846E+001    4820   4820   1.9999999999999998E-002 0.0000000000000000E+000 -6.2608985681743352E-003
  1.4876101893710522E+001  1.4876101893710522E+001    4830   4830   1.9999999999999998E-002 0.0000000000000000E+000 -5.5853478166132468E-003
  1.4906541345057497E+001  1.4906541345057497E+001    4840   4840   1.9999999999999998E-002 0.0000000000000000E+000 -6.3204687394447223E-003
  1.4936940890649190E+001  1.4936940890649190E+001    4850   4850   1.9999999999999998E-002 0.0000000000000000E+000 -7.5418969106888740E-003
  1.4967447687199517E+001  1.4967447687199517E+001    4860   4860   1.9999999999999998E-002 0.0000000000000000E+000 -8.4048783635080290E-003
  1.4998190661415020E+001  1.4998190661415020E+001    4870   4870   1.9999999999999998E-002 0.0000000000000000E+000 -8.1163820285803307E-003
  1.5028928311339626E+001  1.5028928311339626E+001    4880   4880   1.9999999999999998E-002 0.0000000000000000E+000 -6.7490270300447754E-003
  1.5059263548896668E+001  1.5059263548896668E+001    4890   4890   1.9999999999999998E-002 0.0000000000000000E+000 -5.6214275061193914E-003
  1.5089375580315573E+001  1.5089375580315573E+001    4900   4900   1.9999999999999998E-002 0.0000000000000000E+000 -5.9404103260906238E-003
  1.5119478448904946E+001  1.5119478448904946E+001    4910   4910   1.9999999999999998E-002 0.0000000000000000E+000 -7.1023406795514842E-003
  1.5149783517481621E+001  1.5149783517481621E+001    4920   4920   1.9999999999999998E-002 0.0000000000000000E+000 -8.2919066287342175E-003
  1.5180472317971149E+001  1.5180472317971149E+001    4930   4930   1.9999999999999998E-002 0.0000000000000000E+000 -8.6126731532259146E-003
  1.5211562517230170E+001  1.5211562517230170E+001    4940   4940   1.9999999999999998E-002 0.0000000000000000E+000 -7.6085582888976324E-003
  1.5242429061019215E+001  1.5242429061019215E+001    4950   4950   1.9999999999999998E-002 0.0000000000000000E+000 -6.0616646215307001E-003
  1.5273015271945274E+001  1.5273015271945274E+001    4960   4960   1.9999999999999998E-002 0.0000000000000000E+000 -5.6266685532545741E-003
  1.5303439284308053E+001  1.5303439284308053E+001    4970   4970   1.9999999999999998E-002 0.0000000000000000E+000 -6.4921843568279662E-003
  1.5333845720146534E+001  1.5333845720146534E+001    4980   4980   1.9999999999999998E-002 0.0000000000000000E+000 -7.7169802525949533E-003
  1.5364380444316458E+001  1.5364380444316458E+001    4990   4990   1.9999999999999998E-002 0.0000000000000000E+000 -8.4471255080221485E-003
  1.5395167664685951E+001  1.5395167664685951E+001    5000   5000   1.9999999999999998E-002 0.0000000000000000E+000 -7.9607393954558913E-003
